2.477935420549568057e+00
-4.172777502699818619e+00
6.542296592518934695e-01
1.359539443079905574e+01
9.980961484685055396e+00
5.887912267468548677e+00
-8.470119102677298173e-02
-1.976151224721677124e+01
-2.472802677317918096e+01
-6.971453743254219404e+00
6.092892582950200087e+00
5.370688133481542614e+00
-4.026830685926019449e-01
-6.403112419726524340e-01
5.327753972853065179e+00
5.456658928379383156e+00
-3.716790022030910912e+00
-1.427777730969111047e+01
-1.502183577500440848e+01
-4.236306497586997288e+00
3.419216524515937827e+00
7.213395296569571791e+00
1.554774965034033940e+01
1.476545925663237391e+01
3.292379395686749533e+00
3.135715416376809728e-01
-2.113082628072529445e+00
-1.533669397969114456e+01
-2.037701984840631297e+01
-1.205402717380030708e+01
-5.562529885428418197e+00
-1.295951181170054145e+00
9.034982941543630020e-01
-1.055816984262447633e-02
5.201344201666286082e+00
8.098805203306952194e+00
1.260023430819946499e+00
4.044257629034614610e+00
1.218037191590883594e+01
6.370775621655353937e+00
2.298080108879999806e+00
5.295928958967634159e+00
-2.821843935679105630e+00
-9.370797012447974694e+00
-2.573395374573719252e+00
-1.141088487208957281e+00
-2.497630592093771806e+00
5.427749065655172345e+00
5.865195342558055636e+00
-3.875762121863634668e+00
-6.947291912374177869e+00
-5.212750765015877086e+00
1.512460315921261733e+00
1.283969627532483138e+01
9.831311081831330512e+00
-1.420968137289435385e+00
-3.021549542630144192e+00
-5.808280848166180732e+00
-6.743596629353564964e+00
3.810776233985716743e+00
6.698289686788257313e+00
3.084161625965086806e+00
7.422021517279695502e+00
5.164711756755544059e+00
-4.907927428019847937e+00
-7.378785382478366017e+00
-6.018986751820542658e+00
-8.558041436510350763e-01
1.345985745058626115e+01
2.281889357968810828e+01
1.212549838722063633e+01
-7.665077165209046584e+00
-1.272315978538349412e+01
-6.941342851205964948e+00
-8.939946474174570668e+00
-7.780156628215692649e+00
5.938643062376658399e-02
-5.983865845891608970e+00
-1.332998910959757843e+01
-5.228527230578896123e+00
-1.117096660577665546e-02
5.815654410766064597e-01
3.906349031625437007e+00
-6.767825742777358045e-01
-5.343199209075812917e+00
-1.514495148134120228e+00
-2.335038070699188673e+00
-6.063028635512099029e+00
-5.217008067540746197e+00
-5.837825165998680177e-01
1.019420033830354200e+01
1.204889674577470338e+01
-2.936373502173276862e+00
-8.083646623870006209e+00
9.879123993494385303e-01
3.716928825976362205e+00
2.298303051369547489e+00
5.778487377496935196e+00
1.342541047561704026e+01
1.530439988832287845e+01
6.878058801231546227e+00
8.217464421924249862e+00
1.586220943343744594e+01
5.680546551646626696e+00
-4.240767843918362701e+00
-4.903670804327053823e+00
-1.229135396758404042e+01
-8.176738824375215486e+00
3.411353500632839264e+00
-4.537584412677778012e+00
-7.162022513163734061e+00
3.328619620646094734e+00
-1.480901155064386021e+00
-5.583892798958034476e+00
3.865675607659611934e+00
2.818657287587914340e+00
-7.143943761625032529e+00
-9.549832686379073010e+00
-5.717307601694955110e+00
1.476500902549391370e-01
5.662680634417967873e+00
7.857997524289696223e+00
2.496520113489838266e+00
-7.233372483738873981e+00
-8.543613852955459720e+00
-6.695918081083093831e+00
-1.257902884573715951e+01
-1.099708921531514605e+01
-5.589456087637327819e-01
-5.622442810059402163e+00
-1.346099174345540739e+01
1.554916492876776246e+00
1.163221431113444027e+01
-4.013717476864275824e-01
-2.802703593479569655e+00
3.049252202987317695e+00
9.474157734528141361e-01
9.448760507800916031e+00
1.750505021954943174e+01
5.081903777461718619e+00
-2.140986054406564865e+00
1.435586511891818295e+00
1.549005107865486508e-03
-1.694397514232027335e+00
-4.539207636820338898e+00
-1.816389445106723066e+00
1.286583440067014905e+01
1.581101653319399425e+01
8.451026827626790805e+00
1.164892672782804439e+01
1.087350277368528495e+01
-9.388779354855976145e-01
-6.656916804873859839e+00
-6.189217942099261016e+00
-5.451909166733541312e+00
-7.954734210882392631e-01
7.765293257287887663e+00
1.240003577601708429e+01
3.950207636547303558e+00
-1.060477958420637279e+01
-1.066682230980927137e+01
1.650765548533073002e-01
1.573529703528892210e+00
-4.989935361480664078e-01
1.082492644748138222e+00
-6.818822520948527810e+00
-1.478410421037084710e+01
-9.115655884419730626e+00
-5.627045505173382978e+00
-3.643399844182774849e+00
5.750311829451179690e+00
4.047389048055622496e+00
-5.267866738095632329e+00
1.090403872863753731e+00
1.125505847696883777e+01
7.890615332995287723e+00
-2.240980242051278548e+00
-1.193102843977683669e+01
-1.337979807371474728e+01
-3.672711827423077224e+00
-4.999460195478335756e-01
-8.445078424197420830e+00
-7.049065148022429561e+00
2.612451689058121751e+00
4.668321450546462081e+00
2.399878079794162566e+00
-8.407950169400970619e-01
-3.984679287746475396e-01
1.145600002741155521e+01
1.329658711733742393e+01
-6.612873521296839918e+00
-1.674825382313189692e+01
-6.192367646520386515e+00
2.045805242427004345e+00
9.629804946297624291e-01
4.946229571099589606e-01
4.270449229492975896e+00
3.504896473999314921e+00
-2.590379714887921736e+00
1.121094420134478575e+00
1.058791175742667789e+01
9.205370231432057793e+00
2.551094802719254151e+00
-1.154204242656867940e+00
-2.262447413260022522e+00
3.326628781852528416e+00
1.227300714716358954e+01
1.577995039629630902e+01
1.514902886158368567e+01
1.294534401605473484e+01
6.177059125577157417e+00
-2.325573082809992975e+00
-5.881168699312789627e+00
-9.092666120014825992e+00
-1.423352482901473337e+01
-1.048628341341173886e+01
-3.109016495311065054e+00
-6.041250732157421588e+00
-9.598433111658785322e+00
-5.646783632611025006e+00
-9.004623205607042991e-01
3.310567702476568730e+00
3.508523792848039502e+00
-3.074490808775240946e-01
4.494564868865080776e-01
1.596204528136049072e+00
-1.073293883443139141e+00
-3.612389238874041730e+00
-8.319420483441986036e+00
-8.888626173572236056e+00
-1.180293761194838753e+00
3.208402539844583679e-01
-2.888747297354419707e+00
-3.679062582813885651e-01
-1.432285702630087032e+00
-4.169752664030125899e+00
2.560583801835260687e+00
5.492197296553351649e+00
-8.176858419677204282e-01
5.504800228069135493e-01
6.964698724721076317e+00
5.655344190571326202e+00
2.658311730184119259e+00
2.691784101853358813e+00
2.820869803751897109e+00
3.638297691046407767e+00
4.460835191621550955e+00
7.214016463470157348e+00
6.436889243213489209e+00
-9.671530721532320740e+00
-1.899439502813596548e+01
-1.315503095118940813e+00
7.791609315615452225e+00
-4.240588882944488880e+00
-1.719921073581800908e+00
6.502047652142056045e+00
7.602431871445112233e-01
4.580682827105884591e+00
8.777509150769931878e+00
-6.055135302233010108e+00
-8.745190433064948365e+00
1.133498461046844596e-01
-6.926815589556079900e+00
-6.448823919230481039e+00
7.543052050943852116e+00
5.451567657634834418e+00
-1.430424614173220421e+00
1.066203410843930222e+00
-9.495968818500406528e-01
-2.812391984257033961e+00
-2.721181315895835340e-01
-3.261270717616726600e+00
-2.759780660040509925e+00
5.000816664424320379e+00
5.655632563113407230e+00
4.169459137372109936e+00
5.698543537458361286e+00
-2.616757139193321091e+00
-1.151268683890193856e+01
-7.122790224809392612e+00
-2.172901466025443540e+00
2.097600585196576439e+00
9.788413994564496790e+00
6.140180221396539295e+00
-4.050060801145567879e+00
-2.172092054203334399e+00
3.215576877489438878e+00
-6.063692557282820417e-01
-1.377011286195332529e+00
8.939664385746594277e+00
9.682775600931016413e+00
6.568137286248365569e-02
8.805775983360083714e+00
1.658140873687338157e+01
-6.701468481353364481e+00
-2.241282767020051381e+01
-7.327755533246954833e+00
5.837806278927375914e+00
4.565988524234713353e+00
-2.642141979828806164e+00
-8.242326764530503169e+00
-6.869902165899802959e+00
-6.662232224726640339e+00
-6.442015058473206324e+00
-8.561740664873980222e-01
1.420816537953266234e+00
4.171588246044948711e+00
1.117744265313598540e+01
1.206970199235719932e+01
4.775456342496410045e+00
-7.838671977001036240e+00
-1.264590479861534789e+01
-1.413639012914817528e+00
4.405857108677180278e-01
-9.899102924144932203e+00
-4.443464559269504122e+00
3.553121946620882099e+00
-3.219791061077778238e+00
-2.318084751331310756e+00
6.121692808472221081e+00
1.501617832801266594e+00
-4.762622635053169518e+00
-1.244577099672175002e+00
-1.393676804632738131e+00
-6.036527908992812996e+00
-3.208963834358250278e+00
5.446344681969996770e+00
1.443545597716181028e+01
1.752053977192455392e+01
4.316186806714106261e+00
-1.208520375598835983e+01
-8.290259679154567962e+00
1.426050340767074154e+00
-2.654822144736206369e+00
-3.048577764470287832e+00
6.493767829855775275e+00
4.470204727647026033e+00
-5.864538391527601036e+00
-7.094618221886079823e+00
-4.721174018553348617e+00
-2.186484421967550773e+00
7.179671739944261333e+00
1.408690936038273378e+01
6.662876334180010574e+00
-6.299347372865474526e+00
-7.214478365390723624e+00
3.250549769482335094e+00
6.471057837993678064e+00
1.918732990160783913e+00
2.951367752213401641e+00
1.509051408710758713e+00
-5.050165389903156665e+00
-1.444681898984311097e+00
3.393461519970379037e+00
-2.829365467747197993e+00
-6.437704991109501229e+00
-1.846713708068554283e+00
4.352039361145536134e+00
9.191216760327145963e+00
9.120669762271296221e+00
9.172865829612577571e+00
1.224608555927749087e+01
8.368972142169557316e+00
6.754619265756742763e-01
-1.444982099166862266e+00
-4.117586990320181606e+00
-8.161317305802983313e+00
-7.081438574997873658e+00
-7.315745777843291719e+00
-9.782448343766464660e+00
-4.158404283798661893e+00
-7.358595263858663804e-02
-7.487439207967332422e+00
-1.061474120987339376e+01
-6.840975006743921227e+00
-4.709681361682222622e+00
4.112543155723035859e+00
1.146791767256694961e+01
4.306515653245873487e+00
-3.868313003397316763e-02
3.274332282783713133e+00
-1.698850959778752667e+00
-1.089081088828878308e+01
-9.695162011481588848e+00
-1.886047093099078253e+00
-3.602969235735075770e+00
-6.942779854250892946e+00
3.402768383983819867e+00
6.797033489369530557e+00
-1.664517857207757245e+00
3.147588872302901741e+00
9.251323620732392783e+00
1.521139384449511134e+00
-4.291111277824070314e+00
-5.910910525733534371e+00
-7.227487173824298949e+00
-5.478773126296624163e+00
3.280309112004555772e-01
1.203017814355945525e+01
1.675655680633477473e+01
9.873129924479234987e+00
1.022501063822920742e+01
1.250312788497916117e+01
1.746281286423606360e+00
-9.492971247377637312e+00
-1.043064357898681394e+01
-5.225722116083600710e+00
-6.136658259221325906e-01
8.885784019138371903e-01
3.529217443720667813e+00
7.426077945865145580e+00
9.953975211733640194e+00
8.452406964611268947e+00
-8.007743789214583074e-01
-8.895065333441781519e+00
-8.070111512251802566e+00
-5.507413736694363848e+00
-2.483682119835985525e+00
1.706175828254420379e+00
2.054891923643116236e+00
-1.526670983766305500e+00
-8.915844049464610066e+00
-1.483173779328298636e+01
-1.154477228707900949e+01
-4.794438434029935081e+00
2.789364920867384523e+00
8.062335680113791980e+00
-8.774679151295277091e-01
-8.144050486979574899e+00
3.810871826562184594e+00
1.094129699929827737e+01
3.995591817900077558e+00
3.740615127732035639e+00
9.178269960608549383e+00
9.269457357808988718e+00
2.711531671572153357e+00
-6.096531731296506607e+00
-3.002235164392771161e+00
9.527230662093975511e+00
1.216928323734228812e+01
5.681113849606695965e+00
-2.656252398224212996e+00
-9.372054078610108974e+00
-5.646675898463290544e+00
-2.362301662287934256e+00
-1.153245056922367695e+01
-1.319695741910972586e+01
-1.633964513618841430e+00
1.138674495764650629e+00
-4.296438526837450311e+00
-2.595984494991565583e-01
1.248878663350832596e+01
1.863883117933809785e+01
9.883272072156181309e+00
-4.911408141306454311e+00
-1.097455966081333401e+01
-5.236425179404104568e+00
1.834423612958568039e+00
2.489779086378595352e+00
3.112086273436160955e-01
-3.593766977950080488e+00
-6.951752270955040558e+00
-2.644429907971671323e+00
9.190075675627422669e-01
2.820438468654087316e-01
5.635207474114247717e+00
4.654520759818513653e+00
-5.899744660846034883e+00
-2.921740744825949143e+00
7.098304131697757313e+00
6.869915717224821528e+00
3.181281715996571613e+00
-2.096822183945933116e+00
-8.297657310057729774e+00
-9.471105881722335695e+00
-7.175949619501182042e+00
-1.556967279675971483e+00
6.554384675344149258e-02
-8.919461435435916741e+00
-1.115559171351440071e+01
-1.269605874903414922e+00
3.186984859608656961e+00
2.954717550012620375e+00
5.814218540706344029e+00
6.397003986390360275e+00
3.276659813354127593e+00
-1.213595622329353141e+00
-1.412953563701187631e+00
9.717173731603471865e+00
1.609237224681642076e+01
4.303876620223368477e+00
-3.202536005802957053e+00
3.222002387850417371e+00
4.516765808151001593e+00
3.728724403604667392e-01
4.654204911338393202e-01
2.404243684847231943e+00
4.972880881354303284e+00
5.147282314173231121e+00
1.450185651043679691e+00
-1.922972431365122858e+00
-8.101248202320185499e+00
-1.458704118757036383e+01
-1.409480355667439078e+01
-1.405782236852128797e+01
-1.252410651245540230e+01
-1.245992517701617341e+00
2.329945928722120918e+00
-4.523589146461212351e+00
2.804002437714980367e+00
1.470565611361046265e+01
1.231212763775745245e+01
1.351645859963492668e+01
1.700887188399849848e+01
3.221090781927772095e+00
-7.736593161696855958e+00
-1.595010613943722788e+00
-1.364193474441586673e+00
-1.044491020303891560e+01
-1.146906911571559284e+01
-4.868391854267832386e+00
-2.913568800771158429e+00
-8.262086511927861920e+00
-6.283693576699091565e+00
8.204282715051206765e+00
1.242663454678257828e+01
-1.470224243242768125e-01
-7.682796342774478759e+00
-6.579779110027351940e+00
-4.298882505981088009e+00
3.351049761932245019e+00
8.324819771050265160e+00
4.231817910788167936e+00
7.124184522848640455e+00
1.415915616776722530e+01
9.685371079130439043e+00
6.275778673117327955e+00
9.035363556530597862e+00
3.850371577441861426e+00
-2.715590357913074016e+00
-2.508421108878866157e+00
-3.626820962317627739e+00
-7.526693591143173379e+00
-9.075788427506894962e+00
-3.721283907686589121e+00
2.009799752739892753e+00
-3.617403979903043520e+00
-9.033403705817436347e+00
-5.616890390151517920e+00
-6.053720804512950693e+00
-6.648391885167959536e+00
-2.461542628235591224e+00
-3.514868205363663289e+00
-2.295538550840414249e+00
6.842159120255021598e+00
1.180853686969968841e+01
1.079513231892162928e+01
3.715124238750610708e+00
-6.793452950331205997e+00
-4.960942903151624783e+00
3.522146124345083340e+00
-1.621812173155121606e-01
-7.945463397334021849e+00
-7.492973499009290883e+00
-1.776026690183264645e+00
7.693890030546889136e+00
1.438387112294190828e+01
5.711702818789195391e+00
-8.641533083902739776e+00
-8.329725497583790883e+00
-3.080533288037844208e+00
-8.852037087241489743e+00
-1.128557945047159805e+01
-2.339129131996379396e+00
6.456424774655127763e+00
1.533255470606117754e+01
1.871335817817890046e+01
6.729147945759083704e+00
-2.593895369633232306e+00
-6.126448466296863238e-01
-1.515767103173766284e+00
-3.048979025886757732e-01
3.009323619457069388e+00
-6.991593270196545973e+00
-1.430391145496098915e+01
-4.041135815868758030e+00
1.488434790993178769e+00
-1.671849177753474969e-01
6.397905589554313543e+00
4.385824520927634751e+00
-8.937309005048543753e+00
-4.226959359614996359e+00
1.071313961387866875e+01
1.112549430654865112e+01
6.725627183232806061e+00
2.272946562704758477e+00
-4.500920574785142847e+00
1.563840892806292127e+00
1.346346996905400673e+01
9.546609282922197792e+00
-1.628788548171818285e+00
-5.766449232256990243e+00
-7.125499656251180980e+00
-1.098002369585402782e+01
-1.480872272772067966e+01
-1.531906504020714621e+01
-1.431305318315837027e+01
-8.972530225899520318e+00
4.388299002099973478e+00
1.278269278948530641e+01
9.391917041822793522e+00
5.615803986342667642e+00
3.093222909136823517e+00
-1.335882854799239183e+00
-3.562942253602466192e+00
-3.904811913399317991e+00
-3.583208735253982535e+00
-2.363572017191023722e+00
-1.907270361864160879e+00
-2.653943102406523202e+00
-3.474239881391667506e+00
2.878146032576275992e+00
1.394696736943739523e+01
8.546579591961819489e+00
-7.943325560544147734e+00
-6.295182821843020804e+00
8.612905526497645070e+00
1.621672609204602367e+01
1.449865903782061594e+01
5.854960910301452159e+00
2.992444487276141540e+00
1.203335622085991652e+01
9.801628719621938046e+00
-4.953686426660089737e+00
-9.876133205048004626e+00
-1.178205943241355058e+01
-1.572057720366917977e+01
-8.796310198777113953e+00
-1.518253246518717070e-01
8.618019642674812353e-01
4.526761877455857785e+00
9.183334346513994717e+00
3.890502184329553970e+00
-6.638733586210783244e+00
-1.027439369561198923e+01
-8.286752559353448788e+00
-5.277699490950469752e+00
1.438977530338220845e+00
3.456236557195162540e+00
-2.132866673088622989e+00
1.108844862453444158e+00
7.323488115406521892e+00
3.263070334584424970e+00
9.569958087472374419e-01
-1.026544227222730754e+00
-1.035384579702431296e+01
-1.125042560445237250e+01
-2.419891513364184732e+00
1.508056019039079487e+00
4.255021590739747950e+00
7.955488011741082666e+00
1.468601013038678182e+00
-8.457782359632775027e+00
-5.367533401247507996e+00
5.067394097018698140e-01
-3.275151034820010576e+00
-5.385511887273701781e+00
-4.860780564829449091e+00
-6.209669008982078964e+00
9.282710250447196998e-01
8.861009063551879450e+00
8.611121982473424197e+00
1.473147297537098943e+01
2.002270277486275774e+01
1.158489145034666912e+01
6.086129563505480178e+00
2.765831051770356375e+00
-1.012150489754305305e+01
-1.326586792481997179e+01
1.518597435512498706e-01
6.579019910867475396e+00
1.091164313595367030e+00
-2.557910178639088095e+00
-4.320303520568224975e-01
5.431608770968436417e+00
1.040349121945408939e+01
7.941204551627232711e+00
2.224286853521418195e+00
-3.310053030395261331e+00
-1.460103789027578003e+01
-2.135345985437920291e+01
-1.451873543086433571e+01
-1.109866312190934501e+01
-1.041401476742815646e+01
-2.791291239748861841e+00
-3.965850776078845730e+00
-3.640757683355206886e+00
1.405170362927031924e+01
1.377771880044861064e+01
-1.021378817422991503e+01
-1.648134175139273694e+01
-6.680923622385151361e+00
-8.250029530819196211e-01
7.849288354920817667e+00
1.507989267627268859e+01
1.011805919710839419e+01
6.494853659093299925e+00
1.403903479622222861e+01
1.161804953898277759e+01
-7.911311899223916200e+00
-1.023615371705313848e+01
9.436917430762967740e+00
1.300062894345615483e+01
4.435746257985893060e-01
-4.882413462154532979e+00
-6.587388337546799200e+00
-4.354920709363098830e+00
4.276717013954424829e+00
5.724554863064622801e+00
2.477274524363926922e+00
5.461668554969451250e+00
7.116153217332081837e+00
1.893653943810591489e-01
-8.131849154640161004e+00
-7.549118001592060700e+00
-4.898583916473096878e+00
-1.257799707172182480e+01
-1.403671593379162452e+01
-1.084517941232738591e+00
1.612318017736394937e-01
-3.973909232615953080e+00
1.061517879857637325e+01
2.065202951875198778e+01
1.052920801709568011e+01
3.552013242075246602e+00
4.421496612625999134e+00
1.004101362760289717e+00
-6.145017209780441192e+00
-9.098100474016348471e+00
-3.479646834391659560e+00
1.926626187711963922e+00
3.419107547623772447e+00
8.138744346078711445e+00
4.579676675778927120e+00
-9.457689450130770226e+00
-9.304053995769887564e+00
-2.510859202556439129e+00
-1.219778234744072520e+01
-2.048839661807354773e+01
-1.421194460891157263e+01
-8.710400136084285094e+00
-1.117691699560094953e+00
1.545767583652377297e+01
2.056390666036175219e+01
5.826008564234733456e+00
-3.846710748851972284e+00
1.485689418536012552e+00
2.188531854342991245e+00
-3.204598321411992412e+00
4.933918584260795770e-01
5.510239806238769411e+00
1.636828136683967649e+00
-1.737934193339243372e+00
1.596476521107655477e+00
7.488760351460909348e+00
6.824536032466927971e+00
-2.747807803919151581e+00
-7.452983433603661112e+00
-6.021841023644181945e+00
-7.786054686517704937e+00
-1.377967715829715445e+01
-8.834082956441131174e+00
-4.050153689302563365e+00
-5.906682699955149829e+00
-5.360966054036292228e+00
-5.527183702198108506e-01
6.873377957832177643e+00
9.608438595495258028e+00
-3.478725262012103414e-01
-8.608293275523545063e+00
-6.116104458421764534e+00
-1.017228425488982779e+01
-2.125291967694857220e+01
-2.078250700241778759e+01
-9.408391210936279947e+00
-8.488036626666772833e-02
-2.436678199012689561e-01
-5.374474267305917152e+00
-2.349358039529322539e+00
4.110049343952065115e+00
1.586577500859403411e+00
-1.039463441865148052e+00
1.012623549841705994e+00
-1.469132176560411729e+00
-7.266048959293154752e+00
-1.010270367435659900e+01
-3.608890579715440694e+00
1.062042319585248862e+01
1.254374975746445564e+01
3.458998576392861679e+00
6.915454210663186885e+00
1.307749105982599147e+01
5.911095931250615720e+00
1.758415425145376076e+00
3.812310132397785267e+00
-1.658824367496690044e+00
-7.313535227840963771e+00
-4.577349084284643155e+00
9.633727757835703898e-01
5.062354089833299042e+00
4.236128628094151694e+00
1.815587163276477511e-02
-2.390142531900902867e-01
1.139894227792215275e+00
-7.433924287672872833e-01
-2.563189171285117141e+00
-1.223421514675117727e+00
5.318728459058484903e-01
-2.158405152998795540e+00
-4.821847563151742122e+00
7.471116210829809035e-02
2.991080150445864394e+00
-2.300298571173905238e+00
-1.659964273854713568e+00
6.052341930019947469e+00
4.820466498954358414e+00
-4.356690228801700648e+00
-5.140441660114156264e+00
4.789251168469412789e+00
1.087698350068892061e+01
6.776673565755473305e+00
2.464004388730423045e-01
-2.193253761994959916e+00
-3.718730915440311424e-01
-2.253326452963868576e+00
-7.751095908072743512e+00
-1.002333433029577447e+00
8.088716957329406654e+00
-8.738276005648142331e-01
-6.397272098501471049e+00
3.727934146381798541e+00
4.977042440937272438e+00
-2.033589748596200231e+00
-1.367201403180388297e+00
2.182727661619959569e+00
1.380008382198490535e+00
-4.791077915946891252e+00
-6.677281833069626416e+00
1.542015537970094385e+00
2.362848977497508329e+00
-3.700326838891763614e+00
1.782247485989138625e+00
6.036878004157073541e+00
-6.914423746893745282e-01
-1.762593534561435860e+00
1.869064032806840858e+00
2.994610394518439467e+00
6.788472373875201527e+00
5.094304466709539625e+00
-6.780934261409695019e+00
-1.153177153208454087e+01
-5.374985047255547599e+00
-1.356351800759060922e+00
2.291522112796816835e+00
5.983133195554795947e+00
-2.543177850080743596e+00
-1.110857950903456270e+01
-4.165027977928459357e+00
-3.856349401296856882e-01
-9.997279375609426921e-01
8.358861640359521061e+00
4.725679405330541982e+00
-1.296019222190542308e+01
-1.094861507202896966e+01
-1.072838690119908733e+00
-4.751004957226565573e+00
-4.983660769154865555e+00
4.337215085044976881e+00
1.016724760261052118e+01
5.625150476252573917e+00
-2.636788058225626674e+00
-2.498643984961379516e-01
4.021328430413265487e+00
-3.102205224609701162e+00
-4.051609883106941368e+00
6.516934598896049202e+00
8.024992022091831601e+00
1.764427215832558460e+00
4.367419891412058774e+00
1.082972071924996449e+01
7.661263743149024918e+00
1.836022508260364283e+00
3.648221222547812559e+00
5.430380472703459027e+00
3.045059569149756840e+00
1.771421064291796021e+00
5.250167195109014528e-01
-2.623193142870330341e+00
-5.931925911041310506e+00
-7.388764588836615133e+00
-9.450052325664685782e+00
-1.475046278778205000e+01
-1.416981716913140765e+01
-4.441313359302260011e+00
6.542889848253468088e+00
1.532846866266813635e+01
1.001882782355408175e+01
-5.177261128499322851e+00
-2.063773849261819393e+00
3.954278840200044165e+00
-9.293969052542477627e+00
-1.128508614384816866e+01
6.278114738553064456e-02
-4.538820776707703786e+00
-1.060461248547843383e+01
-3.777105631131426389e+00
5.097724222790800397e-01
1.783692559408609268e+00
8.391418444354709294e+00
1.460909223135913138e+01
1.148146035526811914e+01
1.578356867363552851e+00
-3.614798353720487967e+00
-1.436042373638264813e+00
9.076881102635425691e-02
-3.318483577389693018e+00
-3.267620232945577463e+00
9.217089377281862284e+00
1.804329550722670206e+01
7.103957800107841614e+00
-2.367670103540066240e+00
4.098491905775562216e+00
7.569056706796549960e+00
3.801476192124243703e+00
5.014201351597080247e+00
5.758034518458270412e+00
-2.038875234106356515e+00
-1.095261520627492402e+01
-1.191368083707607362e+01
-5.951591999748789164e+00
-1.774847929651395262e+00
-2.880417386081875808e+00
-2.015039499458074257e+00
1.620992770871948485e+00
-5.935792184094137447e-01
-6.038745427336216665e+00
-7.814666611547764319e+00
-7.893592934520421878e+00
-6.037890117971272730e+00
-5.289994411478906144e+00
-6.849956288682541583e+00
2.327263917330157916e+00
1.213074996413607032e+01
7.938827892884141590e-01
-1.010594809080871670e+01
-3.330449836394248742e+00
2.745613805206588154e-01
-1.802050972864629230e+00
-1.000512549012929409e+00
-7.818808771177643280e-01
6.429656961649145686e+00
1.467951469945222698e+01
5.643529332679799282e+00
-4.439454984933780324e+00
1.988969230867971838e-01
2.434622262492227573e+00
-3.203423536995982701e+00
-5.883326707672133615e+00
-2.577764675235160396e+00
6.408579774578732291e+00
1.050427268914501155e+01
4.559528117414277659e-01
-5.811724191750951896e+00
1.433209974924178454e+00
1.870726389698498693e+00
-4.280520132385566612e+00
1.446934146845771707e+00
5.079321037021668594e+00
-4.084102524963304504e+00
-5.035694870338973672e-01
1.152933219121832664e+01
1.835897749165135151e+00
-9.705640070784486539e+00
8.997847346734273444e-01
7.340682051805000441e+00
-1.778557844285562073e+00
-8.545197571664388647e+00
-1.031657775581994940e+01
-7.578799776829233004e+00
4.400542403105447420e-01
5.828559199692656456e+00
6.284322342779047332e+00
1.998455762199686347e+00
-4.250456621059018225e+00
-2.362765480055383005e+00
5.305301428163127220e+00
6.126218365254000098e+00
1.532671733652128943e+00
2.935583343085880870e+00
6.669058565165595809e+00
3.878338468233240022e-01
-4.115644422330717589e+00
5.902802309894784827e+00
1.230581827769539771e+01
6.302290314898772117e+00
-1.003431423146846635e+00
-5.604937423944424957e+00
-4.232354595337882053e+00
-2.797680831146076130e+00
-5.263026320990457307e+00
2.572262930767371891e+00
9.420760521326752013e+00
-2.190587529472010075e-01
-4.178861899153297088e+00
3.387900472925645445e+00
9.021443061536366770e+00
1.232076709104119772e+01
5.892271578843066848e+00
-6.202580369322776122e+00
-9.229132315509184892e+00
-1.056017419807394475e+01
-1.193057938402428952e+01
-8.861703310357704311e+00
-9.039775979978573517e+00
-7.059714530271021360e+00
-7.007722201580071086e-01
-3.259914744635388661e+00
-9.847352919900156820e+00
-9.016290156899263053e+00
-2.498555322525772837e+00
5.611576038089772567e+00
6.029029777759545183e+00
-3.228848091934569009e+00
-6.763270682201917516e+00
-3.165117238346768502e+00
-3.400388792746532829e+00
-1.871567598963129520e+00
2.116741829014228138e-01
-9.382589938444834132e+00
-1.335983245249167162e+01
1.854949371123792545e+00
9.324984533989644220e+00
3.847033117508938282e+00
6.830407058634865081e+00
9.760996987319268570e+00
7.429774288215813982e+00
1.194943115977798520e+01
1.016323518933100267e+01
-1.262509679627715542e+00
-2.080893452869058802e+00
2.633571417655434566e+00
4.329653639756733341e+00
9.671934454136199122e+00
1.293807445656854682e+01
1.433314532523262841e+01
1.832221383607922505e+01
1.070264939314195729e+01
-4.281611739450825738e+00
-4.134010097316917154e+00
1.008518604123012974e+00
-7.190509515091982884e+00
-1.355491831403426239e+01
-6.081285360525917838e+00
1.051211025093456986e-01
-1.117140599476422080e+00
-1.220465822312578830e+00
-1.449850767799809148e+00
-3.774598201306469392e+00
-4.333901483815377098e+00
-4.860322337500971202e+00
-7.222581889386129106e+00
-7.630461806224998256e+00
-2.655844513036224264e+00
3.302549741459717136e+00
2.860404279410337480e+00
2.496152448794246581e-01
6.223418530724108555e-01
1.069162026192029380e+00
3.135787703795029913e+00
3.956988063829895097e+00
6.847844547354053901e-01
8.050580053961033933e-01
-2.598435193813491750e+00
-1.121485445388862701e+01
-6.352625723717211237e+00
8.928884789980703340e-01
-3.048816520745115888e+00
3.273344771592276548e+00
1.109427927175596018e+01
-2.890088023725984723e+00
-1.670680717997896636e+01
-1.602125616162538080e+01
-1.030123871135191749e+01
-2.218935214194587058e+00
-3.612016820725670208e+00
-7.713229391286127168e+00
6.594556717259433043e+00
1.306095166073097680e+01
-2.637514385442300657e+00
-3.564407507310765943e+00
6.155661499729641051e+00
9.644227266837748225e-01
2.766749055444424954e+00
1.349100947978495313e+01
6.886976025965489967e+00
6.305622007131361784e-03
6.657843608776234490e+00
5.628265315598950380e+00
2.419408902578899845e+00
8.532179006360673057e+00
8.423486008883452669e+00
4.727481614259726683e+00
6.896357131183598277e+00
3.946339931395128175e+00
-3.397400069164334013e+00
-7.780491704093781991e+00
-9.613699566215224479e+00
-4.538377018433418009e+00
2.719758665943068365e+00
4.843988408135362356e+00
6.563462253488246745e+00
4.206686125959928191e+00
-3.531949767595584433e+00
-2.980421576310551490e+00
5.597169332162152955e+00
6.418660327244639419e+00
-7.178025258529485697e+00
-2.097652745961913112e+01
-1.540526056294666901e+01
-5.986943634043007112e-01
1.127567726077454147e+00
-3.715962536314028952e+00
-1.893119826387259508e+00
4.006065754428885128e+00
9.567143123248726511e+00
1.034423662009632672e+01
3.660202055431902579e+00
-6.096638977093965295e+00
-1.282913078287019459e+01
-1.093335420840705297e+01
-1.475374552667725769e+00
4.947102394661004432e+00
1.236612736800114298e+00
-7.320838234199079864e+00
-9.612107368644434047e+00
-2.036037090372689207e+00
1.024975752197668655e+01
1.946630828251907985e+01
1.625737213611769860e+01
4.422299055436429427e+00
2.089142691032446209e-01
6.355170801809304493e-01
-5.106486059265587407e+00
-7.943520464537978221e+00
-5.128530953129205372e+00
-7.340191325011992340e+00
-7.987714359327995339e+00
8.723894445564148725e-01
5.633180712119365552e+00
7.154727099989770522e-01
-4.707818386500363772e+00
-8.975188857751904337e+00
-5.751724414870215796e+00
6.472076739296745984e+00
6.716316234962428133e+00
-2.205492882368281116e+00
-3.697168348431691953e-01
-3.269300405223090955e+00
-1.295761779018947735e+01
-4.134457055107457535e+00
5.978426326244363764e+00
-1.287098840942503486e+00
1.761271655367160349e+00
1.694019415965797393e+01
1.512161020128367994e+01
2.898871844296112776e+00
1.632236796762684961e-01
1.562134855565859404e+00
2.300904331291251825e+00
3.431265387922626253e+00
-1.163808271022397811e+00
-2.255471536505101682e+00
9.829304340508812743e+00
1.452472869491020191e+01
7.008799338184587668e+00
4.756734698811500905e+00
1.513634851178409235e-01
-5.282457897005869540e+00
2.535554100678793610e+00
1.339085231690765099e+00
-1.455445871196211627e+01
-1.610423022643718127e+01
-9.400684740273941742e+00
-8.567112165649929167e+00
-1.268386723726343313e+00
5.269650503283804355e+00
-2.080597435421284835e+00
-8.408738771271732304e+00
-5.501350571690911906e+00
-3.558115826917140456e+00
-3.056828996206306659e+00
6.463475144076635814e-02
-2.784234584767997234e-02
-2.702782870737419074e+00
1.353507488493502553e+00
7.168556368513040233e+00
5.186951836067083654e+00
-2.928120281108179679e-01
-3.846784737808112808e+00
-1.333669261276673179e+00
6.037396734780992702e+00
4.235758172943277167e+00
-3.601655441961311599e+00
-3.845308495264884385e+00
-4.973814636651730403e+00
-2.389006809604313553e+00
1.419126988466652861e+01
1.696217479136047501e+01
2.998986306727226658e+00
5.487762116213918517e+00
1.054104454418860470e+01
-3.508536789784639787e-01
-2.872773590044026548e+00
-5.245442710942604947e-01
-1.041688353014656165e+01
-1.435203149256159350e+01
-9.370786266973288647e+00
-6.986394609690590229e+00
-2.878639486632166289e-01
2.312651579973793226e+00
-3.900661693783563866e+00
1.974878678598116721e+00
1.130375453469874714e+01
5.716134177897169266e+00
-9.757917482738083237e-01
-6.284155047668422256e+00
-1.259478551260286139e+01
-5.624020267146687679e+00
5.327529496347922944e+00
5.770327389273022689e+00
6.612401524042669010e+00
1.102772762202849499e+01
9.631373571956729052e+00
-6.428532014219854318e-01
-1.094842485014962818e+01
-9.736821795532623725e+00
-6.462041207101278495e+00
-7.721360123986118040e+00
5.308015203275890936e-01
1.130187662096149559e+01
9.665939726708320023e+00
5.858301439263950527e+00
6.435285661065851315e+00
8.296883113998024584e+00
9.372663259014935022e+00
2.566936597204482862e+00
-6.853817439778929099e+00
-9.186496101128716063e+00
-1.235483689265054608e+01
-1.472743608745057742e+01
-4.715736937708581600e+00
5.241291895141335644e+00
3.036517311886684389e+00
2.531387964877807928e+00
8.880557794984746067e+00
9.593490717391224720e+00
4.176273077312667503e+00
-1.843232190135275728e+00
-9.319370111537001122e+00
-1.249609370169790701e+01
-6.412302871256402526e+00
1.417737119393865264e+00
4.503048943094793088e+00
2.895627585219235911e+00
1.448168617407477043e-01
3.130943442518225872e-01
7.870183778410346775e-01
-2.954481583711045189e+00
-1.021396718852674645e+01
-1.285515953533653111e+01
-2.972504420028387884e+00
4.419171457605026276e+00
-2.536880317599294443e+00
2.368845768174779653e+00
2.308596109038072441e+01
2.284996402716136288e+01
5.191820000276075930e+00
-1.936582792018498589e+00
-6.081678531447217040e+00
-1.125507971285825626e+01
-6.231906092016780363e+00
1.277157158671025527e+00
2.497659310801342070e+00
-2.075622522290307970e-01
-1.900475720378601352e+00
2.707915581643697500e+00
6.117763799613728182e+00
3.696673434298308969e+00
4.871468459333237355e+00
3.631394207440195032e+00
-4.278719322954446014e+00
-2.815463255822916011e+00
2.617098967381537911e+00
-1.104721153882985973e+00
-1.680279727961107028e+00
-2.112371133896049358e+00
-1.277080831856356369e+01
-1.163548680517997802e+01
2.949769760678935704e+00
1.662306459864168140e+00
-5.667571730803533825e+00
2.945079313931353582e+00
8.924555885276204137e+00
8.936968688045379139e-01
-5.175802832812379961e+00
-5.186745311562398264e+00
-3.579755284967560236e+00
-3.899019362336257899e-01
9.901498271590143396e-01
1.699864787290445101e+00
6.574264059618795564e+00
9.859979338425738149e+00
4.641449271702397184e+00
-3.886506380186379062e+00
-6.171224698163072730e+00
-2.914237508396233522e-01
2.946396016460646194e+00
-7.246469375176349814e+00
-1.953681508112819643e+01
-1.634630096219451545e+01
-3.956565385361393794e+00
4.862660516687544288e+00
8.862440454879884300e+00
7.422716642821701072e+00
5.828688476285501352e+00
8.839246094172262147e+00
7.268835410637106698e+00
1.975713167058316344e+00
2.099581690468029116e+00
4.778528655879252796e-01
-6.491219594915213165e+00
-9.572321256046631532e+00
-4.412498250452051352e+00
6.199242003842455162e+00
1.195419437677934660e+01
9.384376141507296154e+00
9.402796197919430554e+00
1.084852180800752208e+01
7.239062924953763911e+00
2.332239401269409651e+00
-5.675964767211786111e+00
-9.952770739963465729e+00
-9.731033064026970436e-01
1.568812277573478742e+00
-8.708908318602725629e+00
-9.276436550304511641e+00
-4.520448410454473986e+00
-6.889420160780209912e+00
-2.894229093304594880e+00
5.527316577700618794e+00
1.084289460646725267e+00
-5.053179865586301389e+00
2.448967433808755700e+00
7.869650945440095136e+00
2.127927150454517857e+00
-3.696645230532258353e-02
-7.134889189607092064e-01
-5.651582264208643736e+00
-1.951530194783380967e+00
2.422560471432250839e+00
-3.861265126845051299e+00
-2.766450951394223701e+00
2.361011220864378313e+00
-3.789001761629128939e+00
-3.152117773706582859e+00
6.150899737066094275e+00
4.015879206995576212e+00
-1.141523937694130186e+00
-1.686835993386033739e+00
-4.210262544423332365e+00
6.411390389175082305e-01
9.897767152571411486e+00
4.135468035099902018e+00
-5.864327704032239907e+00
-2.673761341070318931e+00
1.011612970478618756e+00
-1.109562944172471477e+00
4.368234571244062892e-01
-7.622856879835486765e-01
-7.027052642088992940e+00
-4.168189039723749545e+00
2.506954377462585093e+00
2.134761788930969573e+00
6.574824338108037125e+00
1.341163402815298156e+01
4.157839359172456284e+00
-7.786707989491407744e+00
-2.662499653379954978e+00
4.323165684709132428e+00
2.177214520519599184e+00
4.145915895921722161e+00
7.584145468539985835e+00
-2.680887897955611887e+00
-1.574582220440437297e+01
-1.161333244229637884e+01
1.375060310123731977e+00
5.584945085259874986e+00
3.020803227736964747e+00
-5.007371259363488925e-01
-5.584905899397092810e+00
-7.539420734930064150e+00
-3.609248385637632950e+00
-1.613055760130452043e+00
-7.727315112117993046e+00
-1.346724127256889147e+01
-7.889169824912505291e+00
-6.666189629867584898e-01
3.123066259297382352e-01
6.366347322216023841e+00
9.849895381655464632e+00
2.125969077791713069e+00
4.821506684001120036e+00
1.375147974477935975e+01
7.438442147425321949e+00
1.162128690187554714e+00
2.378260942929737443e+00
2.966021929031681381e-01
2.640683435254105760e+00
8.191451055368560219e+00
6.275015161538443742e+00
1.921560320961885893e+00
-1.406834061632115773e+00
-5.797144850933395155e+00
-8.586264818349912176e+00
-3.288576583828442423e+00
5.621426566202172737e+00
2.696811856714710132e+00
-6.691243431992899282e-03
1.026283583867605032e+01
8.390309326807603441e+00
-3.323140183468720199e+00
-1.285825042561708820e+00
-2.804611191700036699e+00
-1.264768987085808938e+01
-1.054069146454431660e+01
-3.067007653915398979e+00
1.091103799187203016e-01
7.912574519064623502e-01
7.917307425884683170e-01
5.003032976926231612e+00
7.138461431931500734e+00
2.811116145794218646e+00
-2.022930524618758774e+00
-8.116063728891077744e+00
-7.497367854009729271e+00
3.707603798496274194e+00
9.162591858464518069e+00
7.259346677056768726e+00
4.135680880469224441e+00
9.469512951403367129e-01
4.759829298167550959e+00
5.631744499250208591e+00
-4.354391896813051055e+00
-9.322904321615105516e+00
-1.058175509365795364e+01
-1.087186226768537622e+01
1.705217199758504165e+00
1.155943514026588659e+01
3.912820987516474780e+00
-6.462596985091836999e+00
-1.272261348034437844e+01
-1.461889593494182549e+01
-1.274459119108194471e+01
-1.407401205458942073e+01
-1.042158908463707334e+01
-8.491252132864124391e-02
7.610436698230618191e-01
1.885658294695453208e+00
1.363569489338465424e+01
1.508838219636664313e+01
5.080448020491157735e+00
2.174894947578323912e+00
5.043702703913956142e+00
7.168953623436607359e+00
2.236391576559133121e+00
-9.892272199118048448e+00
-1.005785521964516249e+01
2.790838970899924831e-01
2.291978349847186180e+00
6.193560670655500644e+00
1.487090158723191990e+01
9.276751251032983703e+00
8.069790177559550415e-01
6.180582901283895758e+00
8.258112595969523184e+00
1.380209431043630364e+00
3.558661797942384908e+00
9.448422469720190620e+00
2.681246905421958093e+00
-3.374305367957343371e+00
1.445861745058516945e+00
7.449290263013708113e-01
-4.447104240069627679e+00
-2.419721059106363370e+00
-1.488261826293014956e+00
-1.864636616862813234e+00
5.701043902255342744e-02
-6.118320388175785496e+00
-1.153046586473660184e+01
-4.492108256898649898e+00
-1.282713471988633280e+00
-4.637232301720916716e+00
-2.685215860748752625e+00
-4.439151111901041169e+00
-1.036398394607811824e+01
-6.989865953649340824e+00
-4.041538583346740765e+00
-7.075126721862613266e+00
6.887441622744077119e-01
1.077228228616038841e+01
2.609898353517041691e+00
-7.631779463112293271e+00
-3.199226280596590311e+00
2.078587886693997522e+00
2.205128760105371732e+00
3.056710113617618241e+00
1.439152447248673639e+00
2.094188739435571378e+00
1.004025646145008110e+01
1.161017589871812739e+01
6.447232314191410296e+00
7.094174433958166048e+00
7.701366568047345318e-01
-1.558180008071633260e+01
-1.266649670700112296e+01
6.689520604547441351e+00
1.313755253558963787e+01
1.004216725890685069e+01
-5.431751465322113503e+00
-4.795557830801437937e+00
2.838708228249799959e+00
3.768585945147213678e-01
-6.348109834407178909e+00
-6.239507412323419544e-01
4.345156043641681620e+00
-2.248561195911149113e+00
-4.746114338100540841e+00
4.189308287927827612e-01
-2.370266225127620974e+00
-1.123091212500815139e+01
-9.227482543449207597e+00
1.801281114746698719e+00
8.561598962431409277e+00
9.545633548735526830e+00
6.664973204695858300e+00
4.290803277703611585e+00
7.330993101036619386e+00
6.400832849999657626e+00
-1.328162657332640162e+00
-5.705595303326941092e+00
-9.072423010292215650e+00
-1.096778937472250703e+01
-5.310602528091424190e+00
-1.747059182309851133e+00
-1.223713758438474741e+00
3.132373020192963153e+00
1.320654180291091606e+00
-5.985533346423132173e+00
-5.197323879897990828e+00
4.899392680147531820e-01
5.943010917713760222e+00
1.120442025567291999e+01
8.439348823739287297e+00
-1.692346439423831228e+00
-4.581081268264616924e+00
2.133515298544272909e+00
3.120397958494891100e+00
-6.644805567437614968e+00
-1.081434215986192271e+01
-2.015932314289390348e+00
4.120968154160415509e+00
-2.558915159672849882e-01
-3.442356329385162006e+00
-9.016586404536290900e-01
-1.761903485321394847e+00
-5.224215274744155479e+00
-7.919118880790376735e-01
6.136641435356990470e+00
5.824250410063943839e+00
7.790288698820898361e+00
1.253516820243772756e+01
5.321801810878973527e+00
-5.179198044546523327e+00
-4.739446333903443609e+00
-4.039613322884294533e-02
5.364526129359882489e+00
6.834369476421480627e+00
-2.115032996666193821e+00
-5.269638101051624446e+00
2.808880737771880298e+00
4.073162232670996197e+00
1.264468067929226169e+00
2.291656448205053209e+00
-5.979346281246833428e-01
-3.934152634906042501e+00
-3.592469446400332167e+00
-4.240413259897326981e+00
-2.807525313385249355e+00
-2.082035352792548366e+00
-3.744917565950352412e+00
2.078241330070161652e+00
4.440919538614291007e+00
-6.252270494982951732e+00
-7.341034957178889542e+00
5.231493488028160499e-02
-6.509471713062138676e+00
-1.048280404097035223e+01
-1.638670359424745371e-01
2.324959823727724917e+00
3.571912294629022711e-01
6.779494664335818044e+00
6.168969622292545196e+00
-5.079491311587842617e-01
3.814941921038989658e+00
9.639098704481629198e+00
4.249344425328991370e+00
-5.200012530207679617e+00
-9.637824763640493231e+00
-5.172648895381587231e+00
4.866663068926190050e+00
8.955839366701010107e+00
4.607973412794246215e+00
4.026449272217386799e+00
8.355142844685250481e+00
4.083226789261945378e+00
-3.097364921701816431e+00
-3.177482043635349029e+00
-9.270344220734374474e+00
-1.541544445785559247e+01
-4.930020179914601286e+00
3.315392607925923052e+00
3.970736867974153483e+00
1.013064604234133803e+01
6.573407937445478133e+00
-3.259944280631087210e+00
-6.288814558765909446e-01
3.038206096197608730e-01
-2.143384800659868805e+00
1.632631942729945607e+00
3.349703517725330038e+00
5.106677815720122915e+00
6.594284045614475787e-01
-1.262660580133804267e+01
-9.794961116486724961e+00
-4.678630324194141821e+00
-1.493801341415041506e+01
-7.415728280272411155e+00
8.693237347780428337e+00
1.915456779705928092e+00
2.892273056180716395e-02
1.083882433272435186e+01
1.061897635877129176e+01
1.085179569045793535e+01
1.282929775579385279e+01
-4.017522734357372727e-01
-1.319582365023654802e+01
-1.150276698145018628e+01
-6.817970868516374239e+00
-4.831914173338892837e+00
-2.553583159481666254e+00
4.082568107887011521e+00
1.329611766362176795e+01
1.161880232552476322e+01
-7.247736235136468252e-01
-9.279630543977551937e+00
-1.259812455441336709e+01
-9.598883418751793073e+00
9.119211837649952024e-01
5.430214463051749263e+00
3.074086042915972428e+00
3.275762296570459586e+00
2.894029842694068932e+00
4.301985541013232606e+00
7.692629595559902000e+00
4.084519004392264563e+00
-6.972148593250357962e-01
-5.677296448644495896e+00
-1.566520321920716441e+01
-1.310331370664019524e+01
4.493052518142470753e+00
1.188071293811490214e+01
5.564682307787749416e+00
-2.477968275502346884e-01
-3.282815669992018570e+00
-4.636625721333077266e+00
-1.941738636849232424e+00
9.131280921713802456e-02
-3.586631143833191260e+00
-1.756857692489611100e+00
1.184443311013490252e+01
1.844020307127263436e+01
8.852850575380365683e+00
-2.109754758635069116e+00
-4.616960693933131132e+00
4.172930130944987326e-01
4.938548325680814699e+00
-9.806443159005573396e-02
-5.295793325089649173e+00
5.098331113549292581e-02
3.788305695171356735e+00
-1.097913925701059945e+00
-5.014498363869298814e+00
-6.535517722899647275e+00
-5.115044351765850372e+00
2.495051625556362840e+00
4.780064208858669339e+00
-1.525515366578564347e+00
-3.084380957569493376e+00
-1.138152398462540127e+00
-1.272496368026068581e+00
-2.177360005271001597e+00
-4.796559918368499709e+00
1.772557205064531960e+00
1.475964894724131149e+01
6.216976318527638767e+00
-1.232351979464433001e+01
-9.740142832625029001e+00
-1.766716469549186597e+00
-2.892355851901481145e+00
3.750685013844283766e-01
3.207446210113090501e+00
1.666575244662557687e+00
7.387622552142532939e+00
7.901953404004848025e+00
-5.398314145011539722e+00
-7.447228519051523499e+00
1.572649426823830243e+00
-2.653989721377692845e+00
-8.279596431871750539e+00
-1.299480375751317140e+00
2.458019896798153248e+00
-1.732965857367434470e-01
-1.953800526584794639e+00
-4.004119909823592671e+00
-3.316109365124473740e+00
-2.531043902515896171e+00
-3.846988465242304756e+00
9.668720085270123832e-01
4.466466337160252209e+00
-2.501404827926361207e+00
-6.405875649688971052e+00
-1.434070712171069406e+00
1.852065162232908513e+00
-2.333550271121520581e-01
-2.177617654494704347e+00
3.470785006282797625e+00
1.253358671521097634e+01
8.820613238542836854e+00
-3.343598339708533373e+00
-1.482306770029930609e+00
9.907519957669004285e+00
9.848899116708713208e+00
3.422627160984610839e+00
2.330701539492086471e+00
3.519412485287021219e-01
-1.381906159756142394e+00
4.748642498804107603e+00
1.000503067837202309e+01
6.576674894562452245e+00
1.468623364795928588e+00
-4.553847570324291993e-01
-1.044717591601132423e+00
-2.003523068911963190e+00
-1.994700741792984289e+00
2.624694649138159974e+00
4.938060250533209405e+00
-4.552630414841299711e+00
-1.123673764223797100e+01
-2.492198184667548944e+00
4.837855801986884252e+00
4.243662488923816589e+00
3.696730030115125132e+00
-4.645544859371839586e+00
-1.388494859235334467e+01
-7.460560142856452082e+00
-3.903617859692577241e+00
-1.153956105633728413e+01
-7.101870410742808559e+00
3.133937459999591724e+00
3.242905548491661349e-01
-5.521582475337705631e+00
-8.124178881055659218e+00
-1.098775402755988928e+01
-1.076068854023827903e+01
-7.683258166003621881e+00
-1.068231143290609086e+00
7.474237354642252917e+00
8.518830044208087315e+00
5.809061567248296143e+00
6.317877085816153482e+00
4.642708937789260304e+00
1.417290960319107285e+00
-4.951486767958837021e-01
-1.085109665826298198e-01
7.117984193227346879e+00
9.899498440724116222e+00
5.013550809560594068e-01
-3.659507266042649754e-01
1.021021425297488605e+01
7.510429946692763536e+00
-7.260259358375128258e+00
-1.020339690656687281e+01
1.150152912693394036e+00
8.337556384204013682e+00
3.247300948063430948e+00
-3.800583935731148166e+00
-1.086773358146503110e+00
1.243021643051068814e+01
2.098038364490230023e+01
8.567255020282896538e+00
-7.635410681594114735e+00
-3.559633641426653838e+00
4.743228978119493178e+00
-1.723714655369159576e+00
-5.845040248222060697e+00
2.653255377356963152e+00
6.160614051983172246e+00
-1.727288629617865556e+00
-9.347704869182168252e+00
-1.118385143889341471e+01
-8.214116885777620780e+00
-3.693323688603356025e+00
-3.077429575896879044e+00
-5.651808633107577862e+00
-7.765625489789057312e+00
-6.372815025246155507e+00
1.483960877972472225e+00
4.671765016053562647e+00
-5.118514769006407228e+00
-8.802617032585580148e+00
-1.904156900852987278e+00
-4.011457515496665849e+00
-7.166406217787686828e+00
-6.911586270082890060e-01
6.717889840807433899e-01
1.877404973564866353e+00
1.097989282530557276e+01
1.256421774567948368e+01
8.828367586841695314e+00
5.296844694237076823e+00
-3.672131416315409513e+00
-2.719048962147019299e+00
7.937004267683760439e+00
6.448025561938949046e+00
2.738887159084109513e+00
6.575873644179198507e+00
7.645217359165408233e+00
8.987004093957597917e+00
5.691744872960915913e+00
-1.025206356744906167e+01
-1.561040820812967134e+01
-3.349188973350987197e-01
7.730491754868188181e+00
-7.212664439611031764e-01
-4.509368169690077366e+00
-1.894271332524587459e+00
-7.763763136835439838e+00
-1.247827963442950683e+01
-4.117381960856013379e+00
1.765308213225664780e+00
-1.201318989200754528e+00
-1.096749307010894903e+00
-7.698855188081434875e-01
-2.660325366859020768e+00
2.085232328989459205e+00
3.539847013255593922e+00
-6.581631282773950709e+00
-9.039395599858945474e+00
-2.958357655715913470e+00
-6.015601097301999545e+00
-5.377507514840099923e+00
7.082954345894570736e+00
9.812024924310099649e+00
4.710544793748749903e+00
7.705443213615017051e+00
9.173922618235938131e+00
2.129513180757173441e+00
-6.186682911526199646e+00
-1.228140522324411243e+01
-8.005321216216760405e+00
8.437028658733204622e+00
1.515842252100244991e+01
4.533232203351392542e+00
1.300708555162432667e+00
1.179232647341352092e+01
1.358994660386535003e+01
3.296246470037884180e+00
-2.702694000107895622e+00
-1.687115917271762910e+00
-3.113479959986718448e+00
-8.758267112907706320e+00
-9.179553414899064734e+00
-6.141097983952708006e-01
6.986717597716937789e+00
7.292555454862171160e+00
3.503170146581513045e+00
-2.289608245101438566e+00
-6.211796922517033082e+00
-3.355327775503242904e+00
7.699757295180633676e-01
-1.398709567015038013e+00
-4.831805341026152334e+00
-3.116813187446373590e+00
-3.548127279814217161e-02
7.069037289819526393e-01
-1.306201448873234305e+00
-4.695883269955127837e+00
-3.252383867457292688e+00
9.721843597076826882e-01
-6.955310371132608083e-01
-4.516588030553650768e+00
-4.983058065318711982e+00
-1.244057785501684776e+00
6.262357163774730395e+00
5.447901395797578594e+00
-3.935078851088988916e+00
-3.520043952688357347e+00
1.885785539654901699e+00
-4.551453909165451561e-01
-3.697694766979242598e+00
-5.233488296112417615e+00
-2.919893920417894417e+00
4.191153034932234789e+00
2.497109828459148417e+00
-2.625680674010688609e+00
1.550035450111840962e+00
1.834607491561418335e+00
-1.662283741681327420e+00
1.421869547636506859e+00
-2.567273552237701040e-01
-5.386425082693133248e+00
-3.592457752730375375e+00
-1.823710681017093105e+00
5.876499698744610534e-01
6.516326968692076171e+00
9.749755382998536390e+00
1.442969792941410212e+01
1.756289450174381628e+01
6.204952087572172204e+00
-7.818049405886119629e+00
-7.919073823385431865e+00
-4.761310514344994971e+00
-5.271796853071930578e+00
1.996135534749886808e+00
1.148723546581480193e+01
7.539096940444885320e+00
8.687958407855367327e-02
1.895213150566337212e+00
2.096116333726576464e+00
-6.313230887915938006e+00
-1.158714737158235053e+01
-5.106304978834009134e+00
7.353201628243364318e-01
-7.309693478432997438e+00
-1.191787349974420707e+01
-4.788706330210983353e-01
3.271008387851359611e+00
-5.377682936560683302e+00
-3.058263360680290255e+00
6.809018205914151523e+00
7.012693844223025330e+00
-2.731382803961237116e+00
-1.164261009577034400e+01
-8.073852352561610601e+00
5.815757454284771200e-01
2.229393499336370876e+00
5.239575644465273463e+00
9.564393954516614116e+00
9.348644979992700499e+00
1.226540477738129731e+01
1.069407708757987407e+01
-6.933005014826221224e-01
-7.152912818988856003e+00
-1.182483805937044785e+01
-1.447591527386130394e+01
-2.040567392284765358e+00
7.641195370008150078e+00
5.612874685175614609e+00
1.179922803204869730e+01
1.566694860316174953e+01
1.617348641417950539e+00
-1.204765102351758266e+01
-1.317701620906514037e+01
-5.638384806720091902e+00
2.656487721873226793e+00
-2.838398054218704836e-01
-7.580948555855697713e+00
-4.344060661707814575e+00
-2.923091468758700628e-01
-3.546783513773004159e+00
-1.806734599829307619e+00
4.132456687184072663e+00
1.238918840644048558e+00
-4.016372285451883073e+00
4.928791570296606750e-01
7.165531730732030979e+00
6.206381053346452958e+00
8.661316282830622271e-01
-3.260803707774583504e+00
-3.406784980610465752e+00
1.162558034957186237e-01
5.252299615380215947e+00
9.505872332057483831e+00
5.777988223749396468e+00
-4.661767834517205777e+00
-5.268368928155931386e+00
5.743658891068641026e+00
7.893303780324496088e+00
-3.935429869086004562e+00
-1.080454443694857858e+01
-8.710176188011072185e+00
-9.643539790054401095e+00
-5.024813502243445917e+00
7.048673053997696947e+00
5.577507076408478426e+00
2.140245849138940670e+00
1.192677179096858708e+01
9.307998821591040084e+00
-3.674128925030609505e+00
-2.138850977074817195e+00
9.421316260782548468e-01
-3.163480299223343728e+00
-4.407085653167710504e+00
-4.644508030628911044e+00
-1.478410402704706250e+00
4.121377138359139991e+00
2.340033755592381581e+00
2.001311711505040947e+00
9.941207863808783074e+00
1.060533801844662705e+01
-1.652396863839596719e+00
-9.441440840383103605e+00
-2.983199227581316837e+00
3.080057851183284789e+00
-1.027153591518084497e+00
-4.026121525616996877e+00
-7.313080602046913015e-01
1.730700217692602294e+00
4.950900537423885694e-02
-3.342160682789426573e+00
-4.939345354428985146e+00
-8.586475988966196127e+00
-1.626669489977778227e+01
-1.653550617709265680e+01
-9.510415383438068915e+00
-5.248439469681174252e+00
1.678717030105394414e+00
8.827347760172024493e+00
6.522420247489556289e+00
7.263398809878037987e+00
1.234171881112253644e+01
4.143823737456005851e+00
-7.844210623833204998e+00
-7.694883631495681442e+00
-4.219812999079593396e+00
-4.234985290773778388e-01
9.969619402487705173e+00
1.801580059336594530e+01
1.574019582394046779e+01
1.365975279122882569e+01
1.459824723697689564e+01
3.820339510171108621e+00
-1.350369046955253438e+01
-1.713981163460708146e+01
-1.251191960150950777e+01
-6.489992985625736566e+00
8.368067008400041473e+00
1.756391175972704488e+01
1.005862262665907991e+01
5.011236235449457510e+00
5.133102173805866641e+00
-8.666050989522293690e-01
-4.895838064982301674e+00
-6.231521282708794018e+00
-1.340239417712063741e+01
-1.411192956486144823e+01
-6.012993290740631380e-02
1.121221203103097253e+01
1.100272372119593989e+01
1.066458387699976562e+01
9.833981175143932774e+00
-5.424446882870768150e-01
-1.386368934014808474e+01
-2.085605059681434881e+01
-1.968554630643254910e+01
-8.541481049116024238e+00
4.088813275263601277e+00
6.686442706374567280e+00
3.803118256157805632e+00
6.698578609486927071e-02
-5.216479650977062121e+00
-5.594175377748447531e+00
-4.348561202648577151e+00
-1.346575306488053236e+01
-2.132984053236712896e+01
-9.275523882633439854e+00
9.096526849051571162e+00
1.271498539193395416e+01
1.122504552929723332e+01
1.625907671279751554e+01
1.440807088927620683e+01
4.664963415778563771e+00
5.075717424854293114e+00
5.736757182600287663e+00
-9.371696824346880561e+00
-1.780058044515088866e+01
-4.961322418818957303e+00
9.767541249277060800e+00
1.643962821456170076e+01
1.702234856439870825e+01
1.177848328977242431e+01
4.213685689240683985e+00
-6.510184481160866454e+00
-1.292536092597281439e+01
-4.168178944615121395e+00
2.524212582758059042e+00
-5.252609608725853363e+00
-1.062813776360411566e+01
-6.455311405510398615e+00
6.928798791584673822e-01
2.909512242123807546e+00
-6.931065722634503601e+00
-1.580227016049478195e+01
-9.278393838808096206e+00
1.124578396019805915e+00
2.278386144441351568e+00
-2.178821539415412012e+00
-1.398503821027402338e+00
5.103904948023931354e+00
7.007970202485100941e+00
9.186920709622063086e+00
1.642348743166354197e+01
1.242069916978766919e+01
1.239320305383863285e+00
1.784974702100199373e+00
3.672656122550065128e+00
-1.585500742242084371e+00
-4.427061218822485600e+00
-6.192678105029959745e+00
-4.250418383345230922e+00
5.170903773626664979e+00
7.102369668249350454e+00
2.222073103841295083e+00
2.613007529583957211e+00
-1.962744809084890019e+00
-8.861587793141241676e+00
-2.395748848327657221e+00
9.734391751727740072e-01
-9.053171897236429899e+00
-1.031933733341249493e+01
-2.413473933065304777e+00
2.614368002160460946e-01
8.008882073045427319e+00
1.893509620030266660e+01
1.203136667571285301e+01
-2.697588623894093374e+00
-8.690893699471848421e+00
-1.669587431518458587e+01
-2.243765554207073976e+01
-1.489216101691320304e+01
-1.118358959849052070e+01
-1.087922917813926738e+01
1.818090089825620481e+00
9.862654129557112626e+00
5.927591947097140768e+00
7.335891364352010058e+00
7.398877913786237492e+00
-3.844627305964611885e-01
-4.843082491864361572e+00
-8.540273059889628371e+00
-8.477730676481860073e+00
6.018994726108584103e+00
1.880144304838513847e+01
1.701110666115262404e+01
1.458223141815278012e+01
1.553410446231947617e+01
9.468839145699622151e+00
-3.892347471573859963e+00
-1.361853993593176959e+01
-1.154280262502475907e+01
-4.090379414811143199e+00
8.184684953972274357e-01
4.581422801702459857e+00
4.252652956574487497e+00
2.703839558656554232e+00
8.781941035755345126e+00
9.584752998676187019e+00
-2.237410190926444997e+00
-8.853645393531081709e+00
-7.689861246736128919e+00
-6.273224742709900603e+00
-6.884126533081555976e-01
4.962583405600582864e+00
4.185802326913255378e+00
2.158235728997641267e+00
3.133057847595568823e+00
1.620697922405273772e+00
-9.021194701691293005e+00
-1.722368755967761444e+01
-1.080063820864350355e+01
-5.044913871799567850e+00
-6.909848582563270725e+00
-2.537002191509894811e+00
5.077658334114792282e+00
9.293167503688692932e+00
1.466533967513971248e+01
1.658622622281370340e+01
1.174496550642883896e+01
5.610947254699514275e+00
-3.544095533509960205e+00
-1.449465990320589626e+01
-1.485712385859774010e+01
-7.483540821936029097e+00
-9.987258544172036068e+00
-1.610801804181160080e+01
-9.074813303120002672e+00
8.582189619517652801e-01
3.235839967816396712e+00
4.588626020118288018e+00
3.719474655949989383e+00
-1.527843547773401589e+00
-4.398817309526903863e+00
-2.128436827446344104e+00
-8.377708239198420337e-01
-6.038299902875342795e+00
-7.544768536868001974e+00
2.285870801703104860e+00
9.313928500422063550e+00
9.678740158132660198e+00
1.296849194274064665e+01
1.758760894820339971e+01
2.130446907725853833e+01
1.654347879095542595e+01
-2.638696950524852092e+00
-1.228337581120696598e+01
-1.551959401519452220e+00
3.801260806793719915e+00
-1.041865304347589172e+00
-3.146254833737911483e-01
3.490217731717756955e+00
6.091519980098210496e+00
1.093854678864790841e+01
1.459949958366117428e+01
1.098368346187826461e+01
-2.380029650293576937e-01
-1.056902134078896438e+01
-1.151395486636068100e+01
-9.928388989997163350e+00
-1.336972932950795112e+01
-1.403819889298534740e+01
-6.973248573779345705e+00
-2.781097146027935452e-01
-9.900998552262656460e-01
-5.181710805459402103e+00
-5.502551015054505612e+00
-6.234632278350245471e+00
-1.065561680623087781e+01
-7.451542782439011248e+00
-1.383463743676751179e+00
-9.065752777136916407e+00
-1.464304258636796163e+01
-4.251611697047275484e+00
-2.177056473647631663e-02
-3.184116656132425227e+00
5.868985323937589982e+00
1.528704868786529758e+01
1.114998586782864365e+01
3.251504032157262358e+00
-6.428994860831342972e-01
7.022466919242833505e-01
1.018942484605879883e+00
-2.803686143126985719e+00
3.471661017370374136e+00
1.613394470084528720e+01
1.430563448797601467e+01
5.389515868054915337e+00
5.616404663778107320e+00
9.541334118922513596e+00
7.361906786030920635e+00
1.596984820273747441e-01
-3.527222435521656596e+00
-4.162252258866654842e+00
-7.103983981048342500e+00
-6.023125718784019256e+00
-2.444030968525158443e+00
-1.203652705266556655e+00
6.677042426190984870e+00
8.493582287315017965e+00
-7.916331162441165858e+00
-1.131440356244569934e+01
8.866133886637865835e-01
-7.054055858888005126e+00
-1.876875664554391676e+01
-5.691332872287026667e+00
8.509098712821220545e+00
9.821896195146738506e+00
1.093104578120257742e+01
6.003215589318671164e+00
8.119172318695568435e+00
2.115633646651669864e+00
2.702591248027101045e+00
1.167049038304941000e+01
1.046255327404312396e+01
4.107646728242215772e-01
-2.470689518457671596e+00
2.377716504994248581e+00
4.478347219131315171e+00
9.892929025816226130e-01
3.255115831812588567e+00
1.125735841126907744e+01
7.409252542536551189e+00
-3.477626877143953354e+00
-5.947822613898604338e+00
-5.632562091584553343e+00
-2.536725650115865260e+00
5.651926388341742324e+00
5.651189961391295924e+00
-3.931779070796306286e-01
4.661076609424679162e-01
5.035867625394132574e+00
7.062119265360206732e+00
4.160770464173117134e+00
-3.449867657197521531e+00
-8.106740305389415369e+00
-6.396107915943569644e+00
-3.835792541849250448e+00
-2.232067798296108574e+00
-9.305494558034279606e-01
-3.760187851637941225e+00
-8.878498143909727247e+00
-9.280105619019639818e+00
-9.157188834134544209e+00
-1.097606813221042188e+01
-5.734779798805295314e+00
1.145055494362200221e+00
-6.966434661633655878e-01
-9.961531549717339562e-01
3.403795179668025028e+00
1.495469499864285901e+00
-3.220463864190652004e+00
-7.605281398800697090e+00
-1.572110464288888387e+01
-1.481208438938335448e+01
-2.440225887792049519e+00
5.622902654023089752e-01
-1.221072587640807283e+00
4.976208041753904077e+00
4.680705353402400348e+00
9.947816583608775076e-01
5.480214986920540099e+00
2.731398659655344119e+00
-1.259466381974536198e+00
5.377407810820814760e+00
1.752692084458641553e+00
-4.614187253821414814e+00
6.690970814706040493e+00
1.358490363041049775e+01
9.820917511800924871e+00
1.117082647042497356e+01
6.327864428803556152e+00
-6.949368790071589252e+00
-1.122325681149768783e+01
-7.003978622955802535e+00
-2.749964029670236343e+00
-1.282269928695994210e+00
-6.077905238787106867e-01
3.813710431305668891e+00
3.238397277351566572e+00
-6.561774452564478111e+00
-7.064465534101889155e+00
1.568518380095296649e+00
-7.806731744485810864e-01
-5.413648391105077451e+00
9.998656033415276312e-01
2.433714826488859728e+00
-5.830722218488523012e+00
-6.581781887011910470e+00
2.017319638416743999e+00
8.847301944506563487e+00
9.260676890860734645e+00
6.833006177177258778e+00
9.362291965267830918e+00
1.314831289692686411e+01
6.037720078351734188e+00
-3.533131955059172213e+00
-1.581481380169027062e+00
1.392346105291762726e+00
1.017697735219762478e-01
4.139554684258307304e+00
5.759584518099030603e+00
1.899949247820526654e+00
3.852371313868489189e+00
8.503124221431797025e-01
-1.121962175825429497e+01
-1.058463252132062316e+01
-3.146024719385387414e-01
1.587008312669780707e+00
2.119685215460251015e+00
8.518236694336515313e+00
1.058139413670585682e+01
6.411526676322154117e+00
7.306213879798654887e+00
8.261370377670811394e+00
-2.956685701683426259e+00
-1.286883734433434157e+01
-1.474052611381696565e+01
-2.094307108903674219e+01
-1.891964846759402619e+01
-4.444381814323233648e+00
-4.065515250483931808e+00
-1.114722321157041840e+01
-5.405419533233666307e+00
-6.825876333189135892e-01
-6.893661656165464002e-01
5.471690875159961109e+00
7.728854994561448422e+00
2.754046720808739357e-01
-3.487463213248831906e+00
1.644802557549279953e+00
4.171964974476615851e+00
-2.469704667463702652e+00
-6.143128953947329052e+00
-2.165666093342326626e+00
-1.440549546923799884e+00
6.788251917041332462e-01
1.008190340929111173e+01
1.136299232384956603e+01
9.817643486283245124e-01
-4.796301984001832608e+00
-1.861514780166668714e-01
4.171963802010514755e+00
-1.866355827867351991e-01
-4.165928428992624610e+00
-3.467280962511249953e-01
3.388369727965526934e+00
6.827803837424498035e+00
9.692183813666943593e+00
6.152168954346853624e+00
7.024159520245071953e+00
1.251274578780141056e+01
6.234917581318915936e+00
-4.340943751780882209e+00
-5.973596237543373100e+00
-2.747816211785270024e+00
-1.693746196373927759e+00
-4.328863652635435599e+00
-7.169978843297917237e-01
7.846742170973454833e+00
5.897302982541308580e+00
1.861027018575411418e+00
8.192859849070526224e-01
-9.550089878187998593e+00
-1.477672981030354293e+01
-5.848573361283087912e+00
-1.978460801555398163e+00
-2.826066528731889349e+00
1.770078377571912442e+00
7.775058031563895966e+00
7.183447949681777800e+00
-5.142250674635009844e+00
-1.355129604814437982e+01
-4.849002163575399038e+00
-2.168683102162614063e-01
-7.682429605766071923e+00
-6.534482073792725387e+00
5.243288762405136083e+00
1.408797426315307000e+01
1.445481859550067227e+01
5.961310584652125932e+00
-6.065485979001045358e+00
-1.299761797703656718e+01
-1.272004711964417112e+01
-8.659717836390122159e+00
-2.052330057315639777e+00
4.736816370734260317e+00
6.559711920595355572e+00
8.789445845126399703e+00
1.412005967231605297e+01
7.654325314686087900e+00
-7.767175111787304687e+00
-1.362622326147471341e+01
-1.358667245689521508e+01
-8.912773381695608066e+00
3.739640504059941861e+00
4.200398870330312562e+00
-5.300228933364732775e+00
1.917342087025186714e-01
8.737475845658600804e+00
6.912968978763982975e+00
5.073543288378934868e+00
9.831260734309310578e-02
-3.156375567150423223e+00
5.022084795700461513e+00
6.435576339738664942e+00
2.975632301238295696e-01
4.442723077877820614e+00
8.821958502794050361e+00
8.347775260595167168e+00
1.121316363447958864e+01
6.506576607409467528e+00
-5.422653591285421903e+00
-7.211317705414932888e+00
-4.271415875284308328e+00
-6.910476995017009294e+00
-5.630723708416994100e+00
2.165524737420938539e+00
7.352972037163196362e+00
1.251065495970385655e+01
1.629280856697151947e+01
5.921769589598456562e+00
-8.349750269422289151e+00
-1.211162268435394651e+01
-1.754823122660789991e+01
-2.084701279325295786e+01
-6.354963203827978191e+00
6.386484649484651221e+00
1.971970575695607408e+00
-3.114714864065515343e+00
-1.919832773527662795e+00
-7.010606186823418184e-01
-6.631660049926169087e-01
1.762567497748701584e-02
5.011231940664803375e+00
8.658481102168043009e+00
3.789748283880172153e-01
-9.044543945094339676e+00
-5.104755794800998281e+00
-2.511149450668357375e-01
-5.603840851978413085e+00
-7.935383195084129149e+00
-3.063435149172483829e+00
-3.262961227981763912e+00
-5.091164181220846352e+00
-1.702255458110984776e+00
-2.187945524333208880e+00
-3.876722213200846312e+00
2.813007987586143788e+00
6.077415418121072221e+00
8.737565368204586180e-01
1.397506158512394236e+00
6.887457518527060785e+00
8.780746700262289650e+00
9.767385714883122461e+00
7.560354768265123759e+00
2.846115688429359025e+00
6.544248132649342686e+00
8.580734895930671513e+00
-2.631750916348562175e+00
-5.006229347828197618e+00
6.427483526788345003e+00
6.304465613005389102e+00
-3.183081181482458888e-01
1.041103598358945170e+00
9.525897155267171179e-01
2.676535122295976787e+00
8.456203509473100510e+00
3.482041017455577148e+00
-2.855395893977501043e+00
6.372193052277266290e-01
-1.498855620876055283e+00
-5.835866624304458128e+00
3.829481670904879564e-01
6.614712270940659167e-01
-6.470828583959061575e+00
4.229409255321296968e-01
7.752859826047360237e+00
-2.033813900972019084e+00
-8.960338433553012294e+00
-7.927755249898270407e+00
-9.648663492059283087e+00
-6.979642115463191132e+00
-5.310593866389840656e+00
-9.132347166331991062e+00
-4.202374754096273257e+00
6.716847515917443445e-01
-2.245379120315998733e+00
-6.684264484398738659e-03
-5.533396847554783449e-02
-5.535880501390395558e+00
-4.751012985328874727e+00
-5.573242128492855052e+00
-5.348691270885883142e+00
4.329645268108968104e+00
4.285144821148984207e+00
-2.082265061247417837e+00
6.879228900507147415e+00
1.231639041540356061e+01
3.758975154924917295e+00
6.548205082793526088e+00
1.400339904943178659e+01
3.439111715210668052e+00
-8.189821452855870376e+00
-2.850243906650536729e+00
7.775851884070181796e+00
1.048929720796110843e+01
6.202584581413606024e+00
4.467014167106770017e+00
6.589862791962389998e+00
3.831835484167841699e+00
-2.630823504953967884e+00
-7.223390479699048683e+00
-1.033948386515337603e+01
-1.099168902992270525e+01
-7.247764490573533891e+00
5.957676174178354600e-01
3.894081405587794364e+00
-2.963484781062367013e+00
-4.622858802934269207e+00
-4.669163180828661552e-02
-6.293322979789785165e+00
-1.299303906875612036e+01
-1.100810502467090046e+01
-1.024688020076148121e+01
-2.271737095736665601e+00
1.131359716324830877e+01
1.123191142901232098e+01
7.210970999398453429e+00
1.042922338180146724e+01
9.354281846372280995e+00
5.180853324008051430e+00
5.578281045754002854e+00
4.818017891014475751e+00
2.712380421817268683e-01
-2.523038076506914251e+00
-2.481807035073238410e+00
-1.623180036021652839e+00
1.362946185064089377e+00
4.606324791833324994e+00
3.646665009786781653e+00
1.306045296427027935e+00
1.093544791145639294e+00
3.041775948614910963e+00
5.525988140636961532e+00
2.382988616842270702e+00
-4.332539743058403836e+00
-5.995479854903110528e+00
-7.320041600730154308e+00
-1.010739227415789721e+01
-5.178170027345487370e+00
1.895188379363883069e+00
1.520014943848400968e+00
6.732818451247037927e-01
2.376916759371913379e+00
-7.780300910429698291e-01
-7.229752490857053182e+00
-7.564776106757109986e+00
5.398603420090815064e-01
6.224828195557269517e+00
4.889164076341105947e-01
-6.029164413536941325e+00
-5.724780104738134590e+00
-6.509572570300875327e+00
-4.082516215842868945e+00
3.119712383278772094e+00
3.500854975540063307e+00
4.972542504574153810e+00
6.388690286110808358e+00
-6.307760028316485190e+00
-8.622398854523353862e+00
4.288073255071028989e+00
-2.113035773632683245e+00
-9.947688730276750491e+00
4.249333600801865174e+00
1.092949864600257825e+01
6.995846944992998750e+00
6.458689968126725134e+00
-2.612156384565888168e+00
-1.022997499220695161e+01
-3.318694467120587799e+00
7.273629983557512446e-01
-1.796934942425515880e+00
-9.528283824030481242e-01
2.771628593735846469e+00
8.608459977081308168e+00
1.099377091875067691e+01
4.987624035576050829e+00
-1.226107004362428476e+00
-3.077639659465762456e+00
-1.661991759197255725e+00
4.434680188125081912e-01
-3.894989062192916407e+00
-5.766450374320212013e+00
3.964937202393033822e+00
5.515449346799367270e+00
-1.126400719618370072e+00
6.439724575768831727e+00
1.187544982425328755e+01
2.589722082994766250e+00
1.972780338920613108e+00
4.358927937194239988e+00
-7.055487321620090846e+00
-1.421086189452138271e+01
-7.660109307347480190e+00
2.453267861718679832e-01
2.982515155805055773e+00
3.179705651698188085e+00
7.330924902241421570e+00
9.059757466383217661e+00
1.542513888568191938e+00
-8.817983234612494226e-01
3.089479709682239061e-01
-1.147845594916018541e+01
-2.108847792659960163e+01
-1.101496400529318187e+01
7.754505750196032388e-01
-1.126046798917897718e+00
-2.661600530777332274e+00
6.488279119614984936e+00
9.625620437088180381e+00
-1.278107323688173924e+00
-5.801906218984981933e+00
8.619455905821560293e-02
-1.644256424491953972e+00
-5.496734304268823479e+00
-7.664698709597272952e-02
7.747099159489225784e-01
-5.505955813647282149e+00
-3.665737602114222504e+00
2.922474392692370415e+00
6.616614178860523054e+00
9.019958477765662508e+00
4.301874292390816201e+00
-4.485214939943944934e+00
-6.197301749495119694e+00
-6.685358348111250848e+00
-7.090722410795197383e+00
-5.507592104391010324e-01
1.808989173282960383e+00
-2.463335113191177150e+00
4.655256294433049113e+00
1.797265019782440376e+01
1.508220986921227080e+01
4.208775242379778625e+00
6.758330397035853032e+00
1.091431836789097432e+01
1.308890268212997698e+00
-4.258755553817504591e+00
3.104920014050655208e+00
6.882277922971383077e+00
3.729527146784775482e+00
-6.184201314697768126e-01
-6.271445806580140392e+00
-7.669935970546953641e+00
-1.192982266208913344e+00
3.355163692163628752e+00
-3.561316995211518233e+00
-1.232063511636840580e+01
-7.669430210480333798e+00
9.086971601859770153e-01
-3.593408875182895201e-01
-3.348544940122685887e+00
-2.214216717231136666e+00
-6.966919941612290668e-01
-3.287861688769752710e+00
-1.249079718703116448e+01
-1.443878677015160861e+01
-3.995897604097245370e+00
1.033490743420224955e+00
3.178932696335662111e+00
1.367983116238265495e+01
2.186430757188604090e+01
1.703008637663158353e+01
-3.383368204650863742e+00
-2.208953828352936100e+01
-1.570750556150438371e+01
-5.135028588773131730e+00
-9.597774453050817556e+00
-7.113895025563103935e+00
2.391067791994462510e+00
4.515416205659382953e+00
5.887909443221939654e+00
4.675094022582678477e+00
1.028306214170543242e+00
2.192262994620556071e+00
1.738611088993650355e+00
2.759709860673477344e+00
7.022705958912953683e+00
1.388642368646628489e+00
-4.227031239380510286e+00
3.213063905260217457e+00
1.120397895504205010e+01
1.227900144591307452e+01
7.312292138097930660e+00
3.545232103999689244e-01
-7.824232581272063669e-01
-3.713135707532361884e+00
-7.913233195600070324e+00
8.063400178244939376e-02
4.212224045402395589e+00
-4.535112773633914962e+00
-2.371528414444158628e+00
5.438580255234905181e+00
1.406507246425032776e-01
-4.383533839309905034e+00
-2.202640863702267193e+00
-2.920210270475863013e+00
-3.154328457815291031e+00
-4.236100110060794677e+00
-8.037968307006853053e+00
-3.009127310307279757e+00
7.104888808886653528e+00
8.128673394113423711e+00
6.246055118525626781e+00
7.051276807605388441e+00
2.563430020943173737e+00
-4.373510011718377832e+00
-7.725242292906840724e+00
-9.726286922989572759e+00
-7.242428702675963059e+00
-2.698699045689570308e+00
-4.186482851736412769e+00
-5.245670231536277761e+00
-3.057904524239310362e+00
-3.189203904244051202e+00
-3.821798687089277280e-01
3.810844329476816839e+00
1.719224754170729952e+00
6.983941839093521509e-02
2.266634426550356629e+00
4.001654702640824013e+00
6.289828217139822542e+00
8.386203874483573628e+00
8.840251502779461035e+00
6.383508474089502727e+00
6.311794551011136178e-01
-3.127477586154689959e-01
4.008346022000971232e+00
5.796757923714015881e+00
8.401805110875349314e+00
8.087496022444065957e+00
-4.053254736224690014e+00
-1.356310910881448351e+01
-9.378359861615074067e+00
-3.808534940286755877e+00
-3.704011746580803788e+00
-5.710526852659260300e+00
-4.781266079420582571e+00
3.401265459259164459e+00
8.899005041804842975e+00
1.302441040444993092e+00
-9.657569395601537821e+00
-1.268677394009668191e+01
-7.008237690738128300e+00
6.410563957923187672e-02
-1.596384408603521265e+00
-4.386650283545590057e+00
8.550270426921908751e-01
2.186591766899690370e+00
9.312226740810718439e-01
5.470085981304561251e+00
1.621794117006925440e+00
-4.755153855007707264e+00
2.739040773070684054e+00
2.213369388003263438e+00
-1.144099032544955463e+01
-1.073153033800544520e+01
-1.087241677536141538e-01
6.878098483214657222e+00
1.568654587378966703e+01
1.868928134058720403e+01
1.309104660998417202e+01
1.247543738189281015e+01
1.300932697732050514e+01
2.578637044860148997e+00
-1.470868437921699190e+01
-2.138033049268038255e+01
-7.431608796690267305e+00
6.915178981848976392e+00
4.512104544938996042e+00
2.977572548616768344e+00
6.733764495155686092e+00
1.552565649098310629e+00
-1.992962653450806698e+00
-4.300001231679573266e-01
-9.845140641766683132e+00
-1.789730200622384260e+01
-1.114492589753422891e+01
-6.466611485516182256e+00
-4.925522320136786369e+00
4.184641546081066643e+00
9.778918497007300203e+00
8.020597897001188414e+00
5.618138112326609424e+00
-2.508762278307477445e+00
-1.056421642032012365e+01
-8.015694850401210658e+00
-4.868355214380791551e+00
-3.562618153735008342e+00
3.485950611886731387e+00
8.112101998869153618e+00
6.092629605559292116e+00
2.318788671363695375e+00
-3.985099470061316929e+00
-7.490730641670936940e+00
-5.800616315391920352e+00
-5.610466910306994848e+00
-4.329956813895057266e+00
-3.275840267843424414e+00
-4.028064496773985148e+00
8.089857931583239292e+00
2.543022799214410057e+01
2.315494819862572839e+01
9.331258810275258497e+00
1.197798975185243364e+00
-2.482346818367716423e+00
-4.259823568912341152e+00
-7.006491151517476368e+00
-7.007387994656088637e+00
3.658536765995128448e+00
1.215539418379323067e+01
9.534947214595483445e+00
1.077483027111306058e+01
1.553973204342406333e+01
9.909536025160276651e+00
-3.037795156203477731e-01
-8.735473563020530463e+00
-1.921511589123908692e+01
-2.458221690369844126e+01
-1.847013716104445180e+01
-8.693298312308053610e+00
-9.594024910742712242e-01
3.088616324525318646e+00
3.472319633728666144e+00
5.577524757287633861e+00
6.756937543485764586e+00
8.829808929262679129e-01
-4.467524629970765382e+00
-6.163215124533374834e+00
-1.110939803493398514e+01
-1.296519814823495231e+01
-5.160693959960074295e+00
2.504842246292698249e+00
5.796918154478249541e+00
8.777301161097527782e+00
1.077814561946481575e+01
1.104770544023314471e+01
4.244796634833843285e+00
-9.555496778019119120e+00
-1.172472878706090782e+01
-3.032338268548528060e+00
-2.284896818103941740e+00
-2.544635958090974093e+00
3.582795835798382456e-01
-1.326669862431231195e+00
6.515108353103662431e+00
1.908011294867948493e+01
9.951904922742745185e+00
-7.670958372717424645e+00
-1.139259755668078178e+01
-8.291602996279998194e+00
-5.036570377491232264e+00
-5.582649419157885262e+00
-1.206440328797851969e+01
-9.051093459288761522e+00
9.590943469118045073e+00
2.308435926003085115e+01
1.965998655867084466e+01
9.907569603779869283e+00
-9.866308213263481619e-01
-1.249669001850939765e+01
-1.616276573202603473e+01
-1.179993493949845806e+01
-5.663226595312771394e+00
1.245735286514769280e+00
4.424852897123974671e+00
5.726080475611460940e+00
1.226609708045609359e+01
1.444546261422392064e+01
7.271514299743258469e+00
2.355250159815412303e+00
-1.685105548479873594e+00
-8.799213243325148426e+00
-7.060662456480355509e+00
1.195059922170843336e+00
1.303836931596570547e+00
2.578968094852443826e+00
1.425461250390088352e+01
1.907655203842260860e+01
1.331321689402292563e+01
8.582289875122327771e+00
-1.330721519040601653e+00
-1.428020973937164584e+01
-1.617679167674132401e+01
-1.513504092741223772e+01
-1.528133839259212579e+01
-6.061613058852664437e+00
2.044666744160613447e+00
-2.725036596043978743e-01
3.906314522128219391e+00
1.746352078587085899e+01
1.773638833014526028e+01
1.167081797564312184e+00
-9.133938507681182983e+00
-8.740464455328774918e+00
-1.414995989426458678e+01
-1.849199776641885862e+01
-8.798712953274899107e+00
-1.163496202822449366e-01
1.515666519380886257e+00
8.018825320380493338e+00
1.094667970026099546e+01
1.910606946377564341e+00
-6.198249520069742502e+00
-8.191980638108677937e+00
-7.951420045207333587e+00
-4.864503716274556133e+00
-2.531972595385674651e+00
-3.224273137487333685e+00
1.044179521848975778e-01
6.499474964627717455e+00
3.923892336079509491e+00
-2.540783095589144835e+00
1.063646512604776717e+00
2.689901629661187066e+00
-3.140236998418505454e+00
2.251128108117808058e+00
8.225860889424460254e+00
3.472871197241040875e-01
2.534093298004548078e+00
1.512264549219070098e+01
1.342385179410271334e+01
5.011164400344283010e+00
2.422927129145726610e-01
-6.056242130915230781e+00
-8.616124580634707542e+00
-4.551896903734863997e+00
-1.955162996688140087e-01
2.397431386025964617e+00
3.681054500525826612e+00
4.812911367873057067e+00
3.859703095887165869e+00
-1.946592786650766627e+00
-4.145938772252938165e+00
3.998014450289490540e+00
1.011126501864356797e+01
4.223066685981581969e+00
-3.285050377896082452e+00
-4.854466001965358046e+00
-6.249731359538100328e+00
-6.914010238476597792e+00
-3.521759528793102945e+00
-1.791852169924572635e-01
2.462569548799624641e+00
3.046661965445844444e+00
-4.112595458112142666e+00
-1.182429393728765277e+01
-9.360767498034382683e+00
-2.707176937766006652e+00
1.859910540625753672e+00
6.196486585338688791e+00
6.815891868836772005e+00
4.920464044763447120e+00
5.170151832412191339e+00
7.082077802301611769e-02
-5.455058320208673983e+00
-1.354052061422912345e-01
-2.234636456793346326e-01
-6.301282492908203636e+00
2.441638130375528348e+00
9.059888752654105204e+00
2.487601829080126947e+00
5.600096705431644395e+00
8.147870003854983167e+00
-4.930868079903991230e+00
-1.007621617577428097e+01
-2.256264984483850711e+00
-1.134122204039988091e+01
-1.811969066907448678e+01
-1.501930574933183671e+01
-5.884113543258921553e+00
-1.146536998897365045e+00
-1.523517459459009515e+00
-2.547762399577299774e+00
-1.632904240915596716e+00
-2.692471107191677149e+00
-4.668754382540842407e+00
-2.034904457623472940e+00
-1.709833258098096609e+00
-4.826094671186042184e+00
-2.181995207352231958e+00
7.488226682217544727e-01
3.040600147798018682e+00
1.108284360269782809e+01
1.101967804648649718e+01
1.374820005996452377e+00
-1.844038215716593543e-01
-1.187797329615546627e+00
-6.009022819289021378e+00
6.113512715729167990e-01
7.419067105543322604e+00
3.469642610138048866e+00
6.259134389433343770e+00
1.128660458354189089e+01
2.912708583627073189e+00
-4.390496014070607522e+00
-2.004026813976009791e+00
-5.909234384766648418e-03
3.499444411459919024e+00
1.149205118245725998e+01
1.410839263967756807e+01
6.237355256848719165e+00
-1.775358307072254949e+00
-6.695263835525544494e-04
1.315305823692531462e+00
-7.160447190482269519e+00
-1.236345474259439925e+01
-8.973064890571725627e+00
-8.483907432736508269e+00
-8.276300837715272252e+00
1.450915804342937321e+00
8.809839195486532049e+00
-6.501836127554270206e-01
-1.046441081558922193e+01
-5.329225587217102600e+00
-2.483146781255388014e+00
-6.557669866621763433e+00
-4.215075583849224650e+00
-4.215182628295189637e+00
-6.994491584301154141e+00
2.219156135743687308e+00
1.021115908335928957e+01
5.950607114266375675e+00
3.926082675456626703e+00
4.419933792568441433e+00
-1.858233410963199272e+00
-6.178157864459975279e+00
1.158454021550372914e+00
1.041122121111906473e+01
8.694352525105406571e+00
3.129651999314556399e+00
2.421854076449360349e+00
-2.252424291767859188e+00
-9.034769233935090682e+00
-3.954524094427532166e+00
4.353330289484161675e+00
2.391755506064785042e+00
-9.663945433235947569e-01
1.900576802908110485e-01
1.036592261905902035e+00
3.011355967030018732e+00
3.429717494056660598e+00
-1.123830593661245825e+00
-2.605775708872482888e+00
-2.009426435510906828e+00
-3.605207486593225763e+00
-3.474060084291306083e-01
2.037798251546695472e+00
-1.759211109517655025e+00
-1.609130519170376417e-01
1.813888035582812197e+00
-3.499081231598443864e+00
-2.696638790891627835e+00
2.711718819607556341e+00
1.581479813369542686e+00
1.535655694396481863e+00
3.712036241829545169e+00
-7.155597418632018147e-01
-4.347051132173327836e+00
-3.189686254733399284e-01
-4.447125047134450337e-01
-8.333054079973166495e+00
-9.124314401405158037e+00
-1.374477836195571179e+00
5.434999877812209945e-01
-3.270712820780410368e+00
-1.766201625161651467e+00
4.794868763905700604e+00
5.742128910250963614e+00
-1.662508802860415358e+00
-4.596941272309016391e+00
1.428068515676894634e-01
1.274259835733502211e+00
6.258389477766372444e+00
2.200049275022599105e+01
2.388894392131238220e+01
4.243164601289244331e+00
-9.235253998976904910e+00
-8.055871419227916164e+00
-6.086108821203108477e+00
-4.402911059146163097e+00
-1.197348535364911370e+00
-1.800496957219705152e+00
-2.766169362056592362e+00
-1.183844098581959603e+00
-4.570129041150040372e+00
-6.258931470070674408e+00
3.854691974185711523e+00
7.106162378780163102e+00
-5.395970115818323976e+00
-8.460817370395032455e+00
8.611221347941118154e-01
-9.734101566092716595e-01
-1.079630880432404183e+01
-1.047350861544782141e+01
-2.912507035163645508e+00
6.357903127967046153e-01
-1.564970671389578349e-01
7.938670024567788808e-01
4.498458218020605415e+00
6.190536701610367842e+00
4.859138064406942625e+00
4.461568103963892362e+00
5.277607994722461449e+00
4.109116082961184802e+00
3.032134271856767871e+00
4.654562576903982674e+00
4.354591230520976630e+00
3.923553934895562811e+00
1.041130550190520943e+01
1.269972771242812826e+01
2.596855536239411677e+00
-1.404795980216166917e+00
3.575106317639021203e+00
-1.751710065506811631e+00
-8.609815485923856926e+00
-4.139986998580665656e+00
-4.172050866666600299e+00
-6.505527259741498369e+00
1.605344801719626791e+00
3.779640918126575322e+00
-2.005092408425683814e-01
5.158259772108081620e+00
2.178883253476528559e+00
-1.191221739010351044e+01
-1.263060493715624943e+01
-9.891898330188995558e+00
-1.036733895794463223e+01
4.140304487582509907e+00
1.338175161714536188e+01
1.323715327344744841e+00
-2.337603114500474533e+00
1.999329245054106252e+00
-3.471814096563950347e+00
-1.769587580564646156e+00
5.415876243158824543e+00
-8.454251745675382956e-01
-7.589051376081300759e+00
-5.579499645360463056e+00
-3.488252940430403459e+00
-1.712895794009562378e+00
-2.868884525539967534e+00
-5.845577668645089098e+00
-1.213964856096867884e+00
4.607500384406381322e+00
2.929853548203279701e+00
-1.434931195329646858e+00
-5.806399641784919297e+00
-6.825678497668757672e+00
-9.233439164953354261e-01
4.991372943064167345e+00
6.618431566094859164e+00
7.090614562244906161e+00
6.572932912985404386e+00
4.856240563617490125e+00
1.634631867168620856e+00
-4.799332385121708455e+00
-7.029692093928876062e+00
3.266997766986021734e+00
1.417199681485955232e+01
1.167623317135574723e+01
4.575156724513979256e+00
2.579769427137035720e+00
2.686813544322360414e+00
4.710864501047225872e+00
4.994130287412701819e+00
-3.346366875506832983e+00
-1.262674697559706516e+01
-1.290458995767292016e+01
-5.383757990236539115e+00
4.326265088770759881e+00
8.281228544538210556e+00
4.555087189954738491e+00
6.213035517101099803e-01
6.133767340380358313e-01
2.157772383976383601e+00
-1.051961528883783359e+00
-8.752835060895094443e+00
-8.445893077585028053e+00
-2.174172778107644532e+00
-1.680525405148876494e+00
4.189046790938006026e+00
1.398642508961941999e+01
2.629945125358495783e+00
-1.284294279976136544e+01
-5.404530299623275802e+00
-1.662593182962649241e+00
-8.976559920707892104e+00
8.369982017793997642e-01
7.524584584830732226e+00
-1.001633165228947853e+01
-1.525737290964709558e+01
6.122609153493262513e-01
4.833330285259212822e+00
1.872580874570215492e+00
7.694090712343641059e+00
6.879268359118072773e+00
4.590894958575966189e-01
6.044097498201923102e+00
1.054079426127615982e+01
2.506102268368946451e+00
-3.863866443320043587e+00
-5.932857582029235743e+00
-7.218989499465389592e+00
-2.756024915223913574e+00
2.740233221873707325e+00
5.678135927691423390e+00
1.107101644223590320e+01
1.403541076620165740e+01
5.944726979782197773e+00
-7.200337116338342724e+00
-1.040779099825420140e+01
-3.750767521260863546e+00
-1.107170401119965675e+00
-2.754766394956542186e+00
-3.000772214893949297e+00
-3.295110912496512334e+00
4.568180586835013379e-01
5.254987269891223889e+00
5.338437245375593498e-01
-5.644116204680061699e+00
-4.933750226811586259e+00
-3.926685374443027676e+00
-2.262514409189076314e+00
2.452318152756503000e-01
-3.349033183342307041e+00
-7.146621275816207763e+00
-5.359035298438628026e+00
-5.163334831580494111e+00
-4.376906478688785462e+00
1.403391420741922246e+00
4.059792540580541953e+00
3.236667601920563797e+00
3.588945042317323253e+00
2.441745289639248639e+00
9.167431452567367245e-01
-1.652682239758727079e-01
-4.565099681790600883e-01
4.292577871853090699e+00
8.524669127917665179e+00
8.689912035876870888e+00
1.027158637437574917e+01
9.130069487429834041e+00
5.332416259123220925e+00
4.309729099215923398e+00
8.695432651423702364e-01
2.399088499099604199e-01
6.620188552382306746e+00
3.972455728064829827e+00
-3.914998018750185160e+00
-1.642333075942578047e+00
-2.118011272693731684e-01
-4.449951577578283413e+00
-3.292201702948969189e+00
-3.845610522954758803e-01
2.136956113289940618e-01
1.147289930175226402e+00
-2.003965203029181019e+00
-7.936244352578178507e+00
-1.131469468687904545e+01
-1.449789073292991048e+01
-1.472091003432245060e+01
-7.637825318414494191e+00
-2.016046951826542255e-01
1.996169107439912382e+00
2.333640512499238984e+00
2.909574573144278808e+00
1.816798252156219373e+00
-7.904474776766616806e-01
-8.384970927478683222e-01
4.106412303766751926e+00
8.083888526888319603e+00
4.980350331754356930e+00
2.470882998909882389e+00
5.070887097288371947e+00
1.433918844205074983e+00
-5.180627163577312011e+00
-2.850667330324384352e+00
-1.796587668168323049e+00
-4.792602547892968801e+00
-2.533231408737430357e+00
-3.775561212008340384e+00
-8.648082121289927926e+00
-7.279201472846741794e+00
-4.865973447083751680e+00
2.603076013335164252e+00
1.581785318084616954e+01
1.474636379544023335e+01
3.697723947793106536e+00
1.216994429877089612e+00
6.982968129905526844e-01
-2.728752455273625976e+00
-1.892357468935934817e+00
-8.155292931431192827e-01
-3.233646498913588463e+00
-1.846760683699555372e+00
3.968074688853352683e+00
7.827794927769591737e+00
1.013872753775290647e+01
1.059840249601462858e+01
6.476830396916104959e+00
2.676355269966836481e+00
-3.332984764548925227e-01
-6.310088115026008637e+00
-6.968344209563621661e+00
1.108591582914722373e+00
6.227784861686195050e+00
3.964272478449831105e+00
9.616553103436578098e-01
-4.276117541242365760e-01
-3.055845623938672873e+00
-4.692291709176783066e+00
-2.987735720903429648e+00
-6.393792474082016675e+00
-1.512671270524631595e+01
-1.352145316943990316e+01
-2.667860209983835773e+00
2.240311868841213361e+00
1.584827679905328468e+00
5.886588526495417639e-01
2.340634130633312715e+00
1.292592335786122248e+01
1.946509704095683446e+01
5.382150705230474230e+00
-1.067706982913357372e+01
-1.059772078689944763e+01
-6.236629320863572801e+00
-2.309830604487559391e+00
2.066188273638246198e+00
-1.090398948720618932e+00
-4.000294709564242268e+00
-3.947163863838025755e-01
-1.328824053187025456e+00
-3.521832300138218130e+00
-1.252449094895901283e+00
-3.279592889784385346e+00
-7.153397285541208461e+00
-7.628876293366358752e+00
-8.068342053711464956e+00
-3.046119823269863858e+00
6.871411575347487144e+00
8.044982216623900229e+00
6.088300961127730559e-01
-6.209056357327316533e+00
-8.573910333309635590e+00
-4.438747840947050882e+00
-8.075364591858353869e-01
-2.050800387380919965e+00
5.575900843406944141e+00
1.976578949331269897e+01
2.021874888023393169e+01
1.465478835742358399e+01
1.403832447023355456e+01
3.936503322804094651e+00
-6.129630700499514084e+00
3.438426924421589703e+00
9.308891366475693374e+00
-1.554511631611030342e+00
-4.360974885919994826e+00
6.685304845389274941e-01
-4.429059168923012435e-01
1.969385840436044033e+00
4.189692292523558237e+00
-6.722231889327431098e+00
-1.581365589861054310e+01
-1.118664717535788533e+01
-3.853953206850251334e+00
-6.661786118967416570e-02
1.537889866027998043e+00
2.851452227165115261e+00
6.734060214025333835e+00
9.283809591091188196e+00
3.489628994930892070e+00
-9.968032072048700343e+00
-1.891698444808277202e+01
-1.288683205082855920e+01
-3.323236708468236600e+00
3.370856474637218270e-01
5.225667227137668291e+00
3.736957783409325273e+00
-1.703127978024215228e+00
1.097562345849119581e+01
1.918901025467726384e+01
-2.800932227303779776e+00
-2.145343757829617815e+01
-1.597361743855420357e+01
-1.898989293339387707e+00
9.825304007207083856e+00
7.280282045922858103e+00
2.589783916263042052e-01
1.105897195756978846e+01
1.966178750205991577e+01
5.674727710250404122e+00
-1.225879837589444143e+01
-1.930032226788936356e+01
-1.625350533722602009e+01
-8.109055051391855784e+00
-6.588279191624972775e-01
6.582540243053986551e+00
1.101013618004594896e+01
1.115318466020578825e+01
1.399527815234423578e+01
1.337933796708353995e+01
-2.617106638463084778e+00
-2.205856344072293851e+01
-2.377456183481783825e+01
-8.994306289540627830e+00
3.271462730528209573e+00
6.204195446785779389e+00
9.559193973259555221e+00
1.340509834714057114e+01
8.795709005763665544e+00
-3.539351588166086415e-01
-7.624163907415239194e+00
-1.405814285130564656e+01
-1.350842459940221829e+01
-2.703813837720636215e+00
6.691726202350929853e+00
9.943173089274056409e+00
1.343289407324739848e+01
1.553172391260106089e+01
9.135485545473239100e+00
-3.005922707978399444e+00
-1.035581320413773021e+01
-1.228021271784129098e+01
-1.280748470210347278e+01
-6.688171557724347238e+00
1.190981292789373480e+00
1.870749435017638795e+00
6.422806212446049656e+00
1.489877877396485495e+01
1.177550011331144120e+01
8.806804070233122950e-01
-8.160737841455041774e+00
-1.008457617244076232e+01
-3.340693276810303036e+00
-1.907090804546062390e+00
-5.540529730058238123e+00
-2.350716686969095637e+00
-2.825248342767592291e+00
-3.712866760205329797e+00
5.983662101991967575e+00
7.729153651533923863e+00
3.758675344076944924e+00
5.391624084616991830e+00
-6.401609185196229568e+00
-1.505235869682366356e+01
9.910056581426937017e-01
4.845404189837088538e+00
-5.513966054291845609e+00
8.679079855786664410e-01
4.912366778585083971e+00
1.402956213398532936e+00
8.249742300063420686e+00
6.615207659951446217e+00
-4.454654223082936682e+00
-5.078987458253049425e+00
-4.027910337547375264e+00
-8.835420722353788392e-01
7.985345672488856295e+00
6.351998999521642375e+00
2.782902197988893711e+00
9.706404633968229945e+00
9.721126662688078568e+00
5.657348907903818613e-01
-3.748456220362748947e+00
-7.384030869718683832e+00
-1.370260696976996861e+01
-1.167043038935837984e+01
-2.901811198806842462e+00
-2.332272171515310522e+00
-4.829243329154762066e+00
1.650610369683008116e+00
6.448844642757165957e+00
5.918577087062924846e+00
7.214416734728656522e+00
1.475961159130870115e+00
-7.931871778730384293e+00
-7.788084338216995306e+00
-4.883004861217951742e+00
1.953462598847259812e-01
7.336446602836117492e+00
4.686193662973838769e+00
2.310664442889322601e+00
4.820575133871716211e+00
-3.814895090551550183e+00
-1.186633229664973044e+01
-5.919461341299257384e+00
-7.222229310655534640e-01
2.771509611866914025e+00
9.640152597663011136e+00
7.140643233041766180e+00
-2.766264524897636523e+00
-2.717217274405082428e+00
2.609376695004953728e+00
8.961120177089276773e-02
-6.372607390971785080e-01
5.887743249292437753e+00
4.758585264450958974e+00
-2.204219739782280030e+00
-2.475650272714702282e+00
-2.356151283283180575e+00
-4.479818922560396821e+00
-1.497003210752694269e+00
4.174140817880378052e+00
6.479676004348975837e+00
3.760278850771746839e+00
9.896903782588259979e-01
1.483659185793714030e+00
-3.013527672006100389e+00
-1.019495743992620262e+01
-8.361621264347494531e+00
-4.990639385907444492e+00
-7.366217306717597779e+00
-3.972112990812458833e+00
7.550328555721606882e+00
1.211558378319801044e+01
5.857445849531027093e+00
2.522264202392099364e+00
2.785253832420604869e+00
-2.812824942444114740e+00
-3.958626883824058140e+00
2.897693513658547992e+00
1.053848822076361103e+00
-2.370439726513069445e+00
7.100239874033749565e+00
1.201674808416461282e+01
7.744737831746355550e-01
-1.025371548630332263e+01
-1.097447824641666614e+01
-5.634019738200086280e+00
1.311974698859682986e+00
4.971693624169638781e+00
4.462833429174017041e+00
5.878091821278068174e+00
6.809460348927545148e+00
2.348245156788951515e+00
-1.620982578179841482e-01
-1.959509399816590669e+00
-9.131586132604258665e+00
-9.551561290344601218e+00
-2.852201938343814192e+00
-3.623668098818814798e+00
-5.200286409351904560e+00
-4.760830078568121237e-01
1.895311698496655595e+00
2.461479827731869463e+00
6.098541035475586014e+00
6.936740348802713285e+00
-2.078106089941188284e+00
-1.270377443305286391e+01
-1.137409876321901869e+01
-7.679121462494435058e+00
-1.021520553125897735e+01
-5.008396152659366329e+00
3.222547686411378454e+00
2.384095059249053072e+00
3.585263903363909765e+00
3.349448560415034581e+00
-3.204828598113368621e+00
5.517224212987115628e+00
2.193720180659896357e+01
1.689732251380273453e+01
1.871318100205569657e+00
-5.478394461477511967e+00
-9.037240454657265332e+00
1.584847006567731142e-01
1.812646764862978088e+01
1.428098642616706826e+01
-1.012700018376273103e+00
3.799362782760566049e+00
9.862671348971174368e+00
1.468051731842664687e+00
-7.980654187600570992e-01
-1.822134922024894799e+00
-9.010202625871166049e+00
-5.139649486026757863e+00
-1.266577921701781850e+00
-9.443135420594686025e+00
-9.713523422995464784e+00
-4.094983599955321907e+00
-5.551535328853073992e+00
-6.001003153076916341e+00
-4.820244298519165582e+00
-3.454656698244621627e+00
5.259901387603189704e-01
3.136397464126225998e-01
-7.480870616690569186e-01
1.299225775168160180e+00
8.112161931525774250e-01
5.139239235185578458e+00
1.125285314103891032e+01
3.018416274137277533e+00
-5.529280541878187627e+00
3.770187885969735753e-01
4.171662959702080897e+00
-1.108436732447592776e+00
-5.318637003841705457e+00
-6.927420700785936525e+00
-3.867185365131788899e+00
6.401879127679890757e+00
1.125494962636505925e+01
3.756013950874087293e+00
9.974033219916459414e-01
9.313001146538425701e+00
9.376442750147997884e+00
-1.365896155979957172e+00
-6.038023430000581726e+00
-7.518064336561324446e+00
-1.400916480734129088e+01
-1.175527780222873808e+01
3.955848345059752358e+00
1.137525707895689919e+01
4.387034885166431586e+00
1.755658643224311533e+00
4.417783977324658551e+00
2.556470830413386963e+00
1.508976283832879517e+00
-2.886868447611957933e+00
-1.559544031501383543e+01
-1.904124896742803941e+01
-1.179947921806258293e+01
-6.762060281735521983e+00
3.252223379763911737e+00
1.472698477400735939e+01
1.138248030919373477e+01
3.430259376384352521e+00
5.637065627587980465e+00
1.118394497099482976e+01
7.894386817258110867e+00
-4.598902044018503332e+00
-1.063456057882903494e+01
-4.165842922698118400e+00
-7.829152030864728884e-01
-3.305034083533504585e-01
7.245060482273212976e+00
8.428377978957005467e+00
1.286573694172338689e+00
5.053718000564369817e+00
8.445207226708195236e+00
-4.723752533225754391e+00
-1.332539339976636050e+01
-8.596784252950042671e+00
-6.516442126288755077e+00
-3.748190987052634426e+00
3.915163797768758336e+00
7.152933754551602519e+00
8.312550912130332037e+00
7.841560055341147972e+00
-1.005762298814522726e+00
-8.708132189276298618e+00
-7.258974074559809253e+00
-4.022540873876871537e+00
-9.795989229737811499e-01
1.911334348392012217e+00
5.872977246036876764e-01
-5.734867929073776960e-01
4.429536148056540945e-01
-3.313732126175486403e+00
-8.042196634022859669e+00
-5.538538473176361165e+00
-2.860933717458692627e+00
-6.617265971126887081e+00
-7.904438392498419397e+00
-6.792568096851454573e-01
6.974194718035507279e+00
8.820720166835549492e+00
8.058462786874855510e+00
8.129626664009753867e+00
8.972530655406243838e+00
7.685076649611721322e+00
4.369649233252136611e+00
4.641316136090523514e+00
4.839848964610261817e+00
-1.424505953033057715e+00
-3.703695969888872952e+00
2.330901625723913462e+00
4.383570954929421504e+00
2.258396237806196805e+00
1.464666432105401928e+00
-2.362501936356371957e+00
-8.104228510808415109e+00
-9.713216466424146489e+00
-7.660679390991771420e+00
-4.770622254303065191e+00
-1.797531882802477110e+00
9.162571442631337604e-01
1.088579072070983145e-02
-2.743102825421839697e+00
1.208044110896509871e+00
9.297003612405880801e+00
1.474150887113220776e+01
1.427656168838671569e+01
5.714233422205405866e-01
-1.238672599048516432e+01
-4.215760130852911125e+00
3.587066757764403313e+00
-4.694193699058820002e+00
-8.001501104461363312e+00
-4.866527911296577358e+00
-5.445548826165429013e+00
-3.132870816682559401e+00
1.643912747900507121e+00
7.171146612028713285e+00
1.175132138111997016e+01
4.720233067303260199e+00
-5.658072199306042549e+00
-7.306827160531147669e+00
-1.023551492289840859e+01
-1.270585730131944580e+01
-5.508268750543823700e+00
-3.636366268822674996e-01
-3.261792743300055530e+00
-5.056753899432997024e+00
-1.967754443279843946e+00
4.268798747549505279e+00
7.916198663915205991e+00
6.736957333012275839e+00
6.438586636181296008e+00
5.262337898902341493e+00
1.736987991623006877e+00
2.307706194217162832e+00
1.366188598770119000e+00
-6.211125982659938316e+00
-7.747081057231476997e+00
-2.705938927478817035e-01
3.748782406287797020e+00
3.172626501113701813e+00
4.719874336638009815e+00
5.077598574872753012e+00
1.560648795413266399e-01
-1.917878886568899155e+00
1.610544688174478711e+00
-5.258539527554129123e-01
-5.881493031628954427e+00
-2.442474584632036372e+00
