1.346347436268641218e+01
3.143727406405479208e+00
-1.347253284150967190e+01
-1.575081155124697929e+01
-6.596140860284849694e+00
2.464021848393353586e+00
3.368213124428156569e+00
-6.750218913773021079e+00
-1.118440284480236535e+01
-6.721417349151654008e+00
-1.243124765710703628e+01
-2.121383330778692056e+01
-1.600473105566080179e+01
-6.261081863604760933e+00
-3.306453800858686343e+00
-7.084325025232885764e+00
-1.374088254058636593e+01
-1.269549185340344799e+01
-1.590354421127297968e-01
1.124014900076672951e+01
1.409135392481604399e+01
1.347698305272423269e+01
9.496299128792779598e+00
3.947988021757717014e+00
6.080405640366816300e+00
8.990182966486244709e+00
2.594755691276326548e+00
-1.972629418059504758e+00
-1.650508448453708255e+00
-4.214351330282754660e+00
-2.975180965634062424e+00
1.576059278270383057e+00
-6.553909294724524770e-02
-1.773016223266114633e+00
1.351006936406226266e+00
3.544878236651950232e+00
3.619441817944268891e+00
3.186587216110245535e+00
1.884667665051257934e+00
-9.112203682756407908e-01
-1.780738012441112073e+00
2.062227389539065925e+00
3.278970295317175321e+00
1.813243157112635950e+00
8.719041553900098052e+00
1.540896289897637850e+01
5.263240318947351781e+00
-8.641934831826672436e+00
-5.392825798923366776e+00
3.745718246711284394e+00
3.401431888128283898e+00
6.926224743702634967e+00
1.415382970404687057e+01
3.971688788635998613e+00
-9.723922945529094974e+00
-6.189897146250388005e+00
-3.296757452709354830e+00
-8.276622812665152651e+00
-4.714252451542483513e+00
1.851336007565355324e+00
-1.839384018275661337e+00
-6.040610376475762600e+00
-2.385889570441312557e+00
-4.666641121228250810e+00
-1.579680998131378900e+01
-1.554967705566080838e+01
-4.448002066107136443e+00
-2.102624736690139606e-01
2.359780338699003721e+00
1.020945389840040640e+01
1.171374273062476590e+01
2.169549965054690333e+00
-6.598924915429189575e+00
-5.396868774225717758e+00
-3.925573462842779193e+00
-8.780639362978813978e+00
-7.096439724732333865e+00
-1.933413497874213238e+00
-3.354242988800202774e+00
1.350062699695791402e+00
8.925088898872688858e+00
4.759429671430106978e+00
-2.296604674047495465e+00
-7.852288826014823364e+00
-8.823895793837516877e+00
1.362123003190049531e+00
8.524391477059140243e+00
1.127245059062212107e+01
1.477024111197075484e+01
5.099707395675293853e+00
-5.305565419335307453e-01
1.243936807791939891e+01
1.110511250889598500e+01
-3.277657190488636019e+00
-1.751571753802178222e+00
4.523868149514513881e+00
5.528546714156468589e+00
5.992623945287430587e+00
7.446286522701202060e-01
-3.474177183790310153e+00
-1.984618556218498142e+00
-6.303050195214245477e+00
-1.076882975826522149e+01
-7.435206395359501563e+00
-9.510921135065482090e+00
-1.485120364110103708e+01
-8.774747708196693807e+00
2.070544016316439695e+00
1.128949331328325201e+01
1.691203307369797670e+01
1.251063538927263075e+01
1.342149612847368800e+01
1.689037969391210225e+01
-4.354444122119334182e+00
-1.924304962818856524e+01
-3.363432397076087543e+00
2.206941823854561946e+00
5.022023552243584099e-01
6.437233421087160679e+00
-6.460093976552640171e+00
-8.282569471280217144e+00
1.729577273092149170e+01
1.481165479169929355e+01
-7.337299447233153415e+00
-1.332312009105610429e+01
-1.378094729246732797e+01
-4.622943026596302296e+00
-1.094394512585310508e+00
-1.690414002220254019e+01
-9.057758510775816063e+00
1.165659768435585697e+01
2.692131393085046120e+00
-8.809823653068278304e+00
-7.047420743045362812e+00
-2.513837113638463183e+00
1.053182177452498536e+01
1.422273530210464010e+01
5.160553511115410608e+00
5.513686530245381689e+00
2.212811294073486312e+00
-7.347954951854378081e+00
-3.758218645992820850e+00
-8.323589112412035362e-01
-3.137105814055179742e+00
1.622078277877301522e+00
-1.372907364009913644e+00
-6.701120696542824717e+00
4.496196536967342894e+00
4.140802590757461488e+00
-1.221386076516033903e+01
-5.130253179961782095e+00
9.787610255001894188e+00
1.835878698064916215e+00
-5.850316811900305503e+00
-3.720713588988028953e+00
-3.261635175601920622e+00
4.455316118102432554e+00
1.348677104304150198e+01
7.354828799407380657e+00
-3.832309584198711594e+00
-9.286848075250741630e+00
-1.200150330780929409e+01
-6.924614468875533113e+00
7.594115809943354556e+00
1.364948238156012295e+01
6.125289377142202341e+00
2.845372819029662992e+00
5.061577988200037126e+00
4.081498619537420325e+00
2.337457108560163643e+00
-3.999281210769281003e+00
-7.163440615442622672e+00
8.031876407190198464e+00
1.705375944149993472e+01
2.915555882649509822e+00
-4.828994685398705577e+00
1.557239066681232131e+00
4.515407186866649880e+00
4.432890867473993524e+00
-3.136763448631563200e-01
-5.863569003863761786e+00
1.666311562955006931e+00
4.483452419582848236e+00
-9.159032249094533285e+00
-1.057159672371848913e+01
-7.875102616376805642e-02
-2.398854039830703666e+00
-3.236757293895541565e+00
7.029185249513956180e+00
6.037309133073149425e+00
-2.767648959130336372e+00
-4.471672749135295000e+00
-1.107395205474184507e+01
-1.662937633297140394e+01
-5.044843967412295349e+00
8.161067842457812027e-01
-3.442214233296204018e+00
7.276625182118902302e+00
1.112352908246331396e+01
-8.022768223445734037e+00
-1.535262196798844414e+01
-9.346198120280064359e+00
-9.398944161444664047e+00
-5.812794864896317470e+00
-2.853045202139606218e+00
-6.432878832207101993e+00
-1.680870008973869290e+00
7.162649091167874182e+00
1.226085933258820937e+01
1.782748433376751507e+01
1.265790385142721242e+01
-1.066996655535175753e+00
2.387644231927821270e+00
1.433413627144416225e+01
8.802616972790307415e+00
1.328782166978908386e+00
5.652354072991004230e+00
3.366328583721365675e+00
-2.947981946782388896e+00
-2.561017912612385761e+00
-4.570396436677796714e+00
-2.787475228135757543e+00
5.539887068013270799e+00
3.826899188544829578e+00
-2.729313108215014161e+00
-2.058461526726446778e+00
3.752185806413818270e+00
1.001844144446559781e+01
6.687362367142301700e+00
-8.255416604069840680e-01
2.949921366729131300e+00
6.539911305136201669e+00
-7.609786423889151052e-01
-4.359489574704968895e+00
1.693412251036316984e+00
2.869922175422874311e+00
-4.821374782293730732e+00
-7.739312182585127431e+00
-1.129026680332755461e+01
-1.869947875739420340e+01
-4.500447533282866175e+00
1.128974464677677503e+01
-6.451370004474664910e+00
-1.925608719862522378e+01
-1.196539735443689700e+01
-1.347060604399668904e+01
-6.298588349711380374e+00
3.307095907227981080e+00
-8.007539866954576979e+00
-9.129084293373210812e-01
1.896833649598158900e+01
6.861690866696191549e+00
-5.046270934957726162e+00
1.635708660284474369e+00
-1.172234441950762651e+00
-3.399081962804930690e-01
6.652816532209735456e+00
2.063100057626270356e-01
1.172481125666689605e+00
1.405771297014706889e+01
1.470597696966105161e+01
8.998908188105861683e+00
4.653147265421404555e+00
-5.218277198832357300e-01
-9.512151023080326340e-01
-1.823499402930099045e+00
1.574522762095103001e+00
1.608269080591161782e+01
1.630907868234136870e+01
3.159479418139140350e+00
2.840452973530866121e+00
-7.404027210864791986e-01
-1.262246640403312092e+01
-1.044684722413362010e+01
-1.047903018544375797e+01
-2.019988867887684592e+01
-1.488480408113977660e+01
-3.369042202225962068e+00
-1.981476139262367653e+00
-1.483816045358195446e+00
3.020975432577368558e-01
1.917733169721804742e+00
3.853310431386586465e+00
2.958009580833220298e+00
2.444673716030737243e+00
2.014348523043891781e+00
1.652406568808932441e+00
8.281313055351507302e+00
1.439809147155794733e+01
9.167676810274956622e+00
-1.189800737786011364e+00
-3.893622899664233472e+00
3.026071829825179194e+00
6.994232604019505750e-01
-1.268849821253575527e+01
-1.156773613096713760e+01
-4.727631253579369641e+00
-8.383839103132057602e+00
-3.084226360269801681e+00
4.561882321200690704e+00
-7.215488056162977504e-01
1.160809008476384463e+00
4.271836321953701443e+00
-4.658526483702896570e+00
-2.305868977773952722e+00
5.406005646801808062e+00
-1.456819429490725071e+00
-2.374607065974261744e+00
3.560638254632905397e+00
-2.107952618147611590e-01
4.090208240690937913e+00
1.155451484874359735e+01
-1.126214748676848565e+00
-8.211187243123291069e+00
1.251720468895094696e+00
1.908863025197305774e+00
3.218812156117109247e+00
6.606568232155168197e+00
-3.757230115723232622e+00
-1.903540202788757352e+00
1.065640185474788559e+01
1.920817960670933022e+00
-5.596391576812253632e+00
-1.820801859962605462e+00
-7.994804460596031781e+00
-5.052890907046092117e+00
7.917891564827810313e+00
4.932420226468291702e+00
5.732084837240098985e-01
2.131891916415796118e+00
1.161598280592743837e-01
5.618479896307831289e+00
8.566813385388897473e+00
-2.000786112091385682e+00
-4.959540410844436309e+00
-3.852066565868897285e+00
-1.052648066125897230e+01
-7.967696797449912438e+00
1.362752523910625513e+00
3.361491558580270933e+00
3.735936267030691482e+00
4.753813580326839983e-01
-4.981820180390370112e+00
-1.551335250831334722e+00
-2.254152743762319666e+00
-1.053748957738116232e+01
-3.877985899135388603e+00
8.521250455185931827e+00
5.934277201953278791e+00
9.217349497672966407e-01
-1.694655269795934505e+00
-7.723856323622004361e+00
-4.661398982687224191e+00
4.294216247300660427e+00
4.291255747774812335e+00
1.549527725845758930e+00
-3.114860560987154692e+00
-7.641886436485540557e+00
5.344681539419038785e+00
2.021185879580695399e+01
9.938650465551042146e+00
-6.552873683269318406e+00
-7.013527989291207021e+00
-1.692204519287620279e+00
-9.679954725042295705e-01
-1.356412036474543559e+00
5.589077498769983166e-01
-2.682247360457476471e-01
-2.457285781374948463e+00
1.251360014707227020e+00
-1.244114215268540269e+00
-1.030653211896009047e+01
4.800466048179141687e-01
1.855195196309278316e+01
1.146917182403919355e+01
-3.246769369837409602e+00
-3.943853934611256218e+00
-2.913430936053034159e+00
-6.890722809035580987e+00
-1.141015385315871633e+01
-1.055079183137072363e+01
-3.698004670968606522e-01
6.080262942224018197e+00
4.633117095849681455e-02
-5.511989385397312979e+00
-3.046327101737477783e+00
3.405576160375431982e+00
7.229658539254077532e+00
1.686344679674854685e+00
-5.659864723974124878e+00
-4.284439415570608922e+00
-9.991232754805965399e-01
-3.142885450622294741e-01
2.757753873444906745e+00
4.717831558454253837e+00
1.850472931657955566e+00
1.586276788887457823e+00
7.197321650189083542e+00
9.966429420380954696e+00
5.798080653812290208e+00
2.504935093595964890e+00
2.169653467778795086e+00
-5.087130951840457271e-01
-3.750263812770135985e-01
6.629316203261623741e+00
8.883214411884020834e+00
3.453341239924414552e+00
4.185064522636416928e-01
-2.446236073523689214e+00
-5.378128221851483204e+00
1.106561721639075291e+00
5.818117760525618465e+00
-1.543374590705318905e+00
-3.745528819332533121e+00
2.033468992710153245e+00
1.693796153081661870e+00
-3.518423577556767157e+00
-1.008178097716483279e+01
-1.091700925839238145e+01
1.410734912729326718e+00
9.454043737796649083e+00
3.977734376096813129e+00
-7.756633111133801606e-01
-5.494161821699576009e+00
-1.137962461378061896e+01
-7.317661004640945599e+00
-8.516513829644889455e-02
4.338124704212003024e-01
4.897200631515463698e-01
-2.349264694867887471e-01
-6.450781608486176211e+00
-7.997765494704239586e+00
1.693189152306660894e+00
7.123519911023311835e+00
-1.061357286921240650e-01
-6.979634961320370756e+00
-1.153393118704425646e+01
-1.773676014973638360e+01
-1.612881474759727496e+01
-1.143814203668235585e+01
-1.094815469055976997e+01
-1.536395260862827072e+00
1.029822677407003439e+01
1.069488027859833856e+01
1.169430641658784076e+01
1.138073855984096561e+01
5.037783417898493710e+00
1.007892575907334098e+01
1.499595500953350324e+01
2.580864238437726499e+00
-1.326728652888698790e+00
1.150822814804636351e+01
1.286649195888418973e+01
-2.932434219476742765e-01
-6.099035447740018157e+00
-1.336666986431445103e+00
5.528904025375798170e-01
1.903080451962928077e+00
9.421239749929345209e+00
8.416840801346687329e+00
-7.993190387268276353e-01
2.779313039949566466e+00
8.025849046542834486e+00
-8.088042422082826199e-01
-4.916497883166330851e+00
-3.953750914455689269e-02
-2.657679533365306490e+00
-7.076711946937260578e+00
-4.069784102779303581e+00
-4.480374868601784133e-01
2.042694617559578152e+00
5.171862503838006830e+00
3.871960395914705977e+00
-2.381815429603213019e+00
-6.252235205189412781e+00
-6.041402565604084174e+00
-6.897379690309531242e+00
-6.655559245760247933e+00
-3.282894153254423131e+00
-4.668624220740613673e+00
-5.466375987116080637e+00
2.916644480533149064e+00
5.187410511104978639e+00
1.206699293030588871e+00
4.111281379761630106e+00
-2.225632454264935500e+00
-1.213478497624152475e+01
1.181181274225504119e+00
1.133959072783329702e+01
-5.755180892090303590e-01
-4.381273870372749180e+00
-1.418996721171180919e+00
-6.728646630950687602e+00
-5.106205051077104429e+00
1.933148997934811320e+00
1.878740194041460754e+00
-7.522239976651885485e-01
-2.259174943532970214e+00
-5.413902380404440606e-01
4.703793871857393505e-01
-7.401909487904752893e+00
-1.251457124119006536e+01
-1.805328619038534033e+00
1.491952507452173649e+01
1.986739907420896145e+01
9.052168874402006793e+00
2.073016412503081440e-01
1.722588930856488565e+00
-7.214987663419702990e-01
-1.165226967830545579e+00
1.074081761617348718e+01
1.152090488735221108e+01
-2.791668692211990432e+00
-4.488271871132826440e+00
3.265778589808427057e+00
4.348017492516977001e+00
4.812901697502919518e+00
5.118748293741449906e+00
1.380508374149571393e+00
-4.217291522978867668e+00
-1.298830087938837075e+01
-1.420836807431544813e+01
-2.252380208107957138e+00
2.784648885559698250e+00
-1.570139730300340375e+00
-1.664645975702520264e+00
-1.725464683408617361e-04
4.213563412481777348e+00
5.913915215542647097e+00
-7.684837707065910628e+00
-1.771215502184060853e+01
-1.226694376596302405e+01
-1.266880888630315027e+01
-1.357232545910665067e+01
-1.287283103997452827e+00
4.467719131361732821e+00
3.198391042346595547e+00
9.913361837548176680e+00
6.622771573547465707e+00
-1.082568843334486708e+01
-1.378011414922320554e+01
-1.603887780656981565e+00
2.518215591842851264e+00
-2.891116425734734818e+00
-6.773223581090430656e-01
1.230984174494324179e+01
1.480975954347681700e+01
4.202484873904035467e+00
5.662075056440301957e+00
1.460030178762487019e+01
1.088053450878977380e+01
2.692855930352914484e+00
4.225001561568557662e-01
3.875776345519913235e+00
8.073210773758487946e+00
5.585600840679370016e+00
3.240808291062894142e+00
3.264433159178356636e+00
1.157957625106958766e+00
4.879798609596829095e+00
5.553500641447335795e+00
-5.776168299294098141e+00
-1.065139447555205265e+01
-8.198336634332067163e+00
-5.721317347174861290e+00
2.604923703813692093e+00
5.186226906476774090e+00
1.777956672894760892e+00
9.168158225830019603e+00
1.272362099023306570e+01
7.041541810736666740e-01
-7.914228237947628308e+00
-6.056836801472617715e+00
-3.011540774829486455e+00
-3.246502362901580341e+00
-4.163034326947887998e+00
-1.932138270396769109e+00
-1.330761813807407989e+00
-5.313535424193292833e+00
-5.189240343453645821e+00
-2.273216715070053073e+00
-6.148161130654965056e+00
-1.046488210000245545e+01
-9.396435930479865917e+00
-1.099494488990888108e+01
-1.478960172613692770e+01
-1.597575024303628233e+01
-1.250769036377760912e+01
5.114003672872096118e+00
2.549182323546192563e+01
2.413774277017552805e+01
1.242948977673461108e+01
2.616151860003702811e+00
-1.128500772195479840e+01
-1.260176541445283682e+01
-1.311807108808769051e+00
-4.482999435433619340e+00
-9.600875345361444602e+00
-5.067406207667914941e-01
3.526656295130942809e+00
1.180159229771568619e+00
1.992066285443716556e+00
-1.099688411699519808e+00
-2.494400647431477047e+00
3.269205136395469502e+00
5.142908400571263527e+00
4.714408962632774092e+00
7.694135374977177477e+00
8.513549277601924814e+00
8.691405676696712490e+00
9.466858588429998278e+00
5.886124407018578530e+00
3.226701520284014357e+00
4.451710303647570477e+00
4.133262645251631007e+00
3.555376716859176334e+00
1.091175635923115728e+00
-3.882510117061408472e+00
-9.922532402979684640e-01
5.841175931409624766e+00
4.650811710108865071e+00
1.450217885484247127e+00
-2.383141184407437940e-01
-5.206089507232267266e+00
-6.036847295644776068e+00
1.289297304836069635e+00
2.803939532277648805e+00
-8.007280622302488382e+00
-1.515026454689096091e+01
-8.300971691110976991e+00
-6.314924679325439882e-02
-3.487305211234481561e-02
-3.154643250614582950e+00
-3.763871101775660755e+00
-2.078142325154483050e+00
-4.447477567273073973e+00
-7.290152914719359778e+00
2.889609899104121915e-01
5.460150862963173424e+00
-9.106778127170809256e-01
7.756293142668146956e-02
6.634935716323898447e+00
3.178835228343164232e+00
2.518575417087403068e-01
2.858660761972499742e+00
1.998504283791343594e+00
3.441422917788727887e-01
-2.458459843573155723e+00
-1.018750485604057943e+01
-1.362291367985379331e+01
-5.440607482166001319e+00
3.717248426024278629e+00
1.065549313759235339e+00
-2.584411938782993357e+00
2.410814245998292638e+00
1.347609600981596323e-01
-3.889895642317540592e+00
6.393076930900710941e+00
8.150267494009916902e+00
-2.432614766767695613e+00
-1.351714350997361702e+00
7.524465122812769025e-01
1.295040792506842564e+00
1.243901966760518540e+01
1.423778994946277088e+01
8.807843705198465045e+00
1.611336784867159722e+01
1.701498766068491619e+01
7.707236008981341868e+00
7.546188847678685363e+00
8.893229547525834278e+00
7.568928666720895038e+00
4.627170045246813856e+00
-1.008631493286929981e+01
-1.936954775915661386e+01
-8.643712355207039622e+00
-4.032458723990524518e+00
-1.064904198467622365e+01
-7.548066206869217254e+00
-4.007825622440171820e+00
-1.075146218894360217e+01
-1.525741985305715076e+01
-1.701135645582388278e+01
-1.944271443930266585e+01
-1.665689546398326115e+01
-1.022477990151617711e+01
2.710488126630457018e-01
9.217551565174483486e+00
1.974310181701121714e+00
-5.172224782770916462e+00
4.510990168926461763e+00
8.250811372421086531e+00
1.424753916247304186e+00
2.172486940872522698e+00
4.320290692904614538e+00
5.258174190191664543e+00
1.021633168837932359e+01
8.844985527330281982e+00
6.192098754307165720e+00
1.193150370166254959e+01
1.058190271605255184e+01
-7.952603012631751511e-01
-8.065124623095426770e+00
-9.930874779247922390e+00
-7.790210920885469292e+00
-5.414186328518318270e+00
-6.620060486788981180e+00
-1.797279559065095178e+00
7.024774868745621959e+00
1.051510646143646355e+01
1.630918848359400997e+01
1.610975625115142762e+01
-4.250386336687403954e-01
-6.736379450549971004e+00
1.420405029860887680e+00
-3.018563577140038312e+00
-9.230001503423595821e+00
-2.713873802895543363e-01
7.840980072702215864e+00
6.161512147037832676e+00
3.262138448379823252e-01
-2.258902613371007728e-01
4.105284027397285485e+00
-2.812005116984813036e+00
-1.724704017567491920e+00
2.658101804224803288e+01
3.007387098926145796e+01
-5.759203069502321526e+00
-1.882724438976643455e+01
-7.450063332293718865e+00
-7.585098894979338979e+00
-6.153343587884274157e+00
2.276845562891187669e-01
-3.778819015260300951e+00
-1.024216444634671852e+01
-1.217907145348171483e+01
-8.493335639352562083e+00
-1.803517211227998907e+00
-3.788893373612320037e+00
-8.366971699824491182e+00
-3.576594886263871231e+00
2.445872765970462659e+00
1.758364425486643512e+00
-3.958751180801204583e+00
-4.802047174896196147e+00
5.144856724242213630e+00
6.812677769846456677e+00
-5.238749487549786643e+00
-4.867076192992298544e+00
7.830130440793519497e+00
1.106872185932059693e+01
5.365101563953427188e+00
-1.236360488125202828e+00
-3.165806150301846422e+00
-7.619293566250249228e-01
-5.807327436078260519e+00
-1.027325375534777763e+01
6.767879564473155973e-01
9.988637032327972065e+00
4.057987825511663260e+00
-6.622973373399819508e+00
-9.902388743020789974e+00
1.760321653718887713e+00
9.759246065692982697e+00
-6.974941105233590122e+00
-2.001812480661841676e+01
-7.845028222774701021e+00
4.423507931827494133e+00
5.861121670815187201e+00
3.291633183144349495e+00
-1.479952968116815093e+00
1.055520992837310601e+00
-3.794349195663130558e+00
-5.050631338528130065e+00
4.006799567104629034e+00
1.000072103250750288e+01
6.973346005319055685e+00
2.322042231464128470e+00
4.719022545186847495e+00
8.240851782589933450e+00
6.964854874740828983e+00
9.882532246704322176e+00
9.106298738435071982e+00
-3.355538932839980948e+00
-3.138031803825727550e+00
8.712924806920188558e+00
5.930810692132171269e+00
2.703549787973196672e+00
7.348441578767588744e+00
-2.805312007499221494e+00
-1.347817209113078718e+01
-5.442524752441338265e+00
-1.569466250413325881e+00
-6.348437321584236237e+00
-4.992449803287223986e+00
-8.816391008091962078e+00
-1.767665664739144660e+01
-1.223502258739915050e+01
-4.158876291246099477e+00
-9.896605534399416371e+00
-1.155662183506633056e+01
-4.281787057986884193e+00
-6.490797830102262189e+00
-7.949709971006576836e+00
2.495118651955086975e+00
5.483653079632341942e+00
3.073350237208217095e+00
8.278684107125304337e+00
8.368271317309620372e+00
6.865312409566043605e+00
1.295077733427464750e+01
1.095736618477805280e+01
2.978589671773130831e+00
-1.718946910183840160e+00
-6.892606530357259231e+00
-4.459231661427507376e-01
1.203422745550196105e+01
1.028690431513206072e+01
7.309249014109107989e+00
3.674469996334629673e+00
-8.918852666722438371e+00
-8.675860706716227000e+00
-3.223246629558456533e+00
-8.221229591190557073e+00
-8.371480780700992774e-01
8.280455500318756989e+00
2.887382015482344855e-01
2.602447178385358662e+00
1.082680635741908226e+01
3.936306005725014323e+00
3.594729142891883278e+00
8.264624666180843349e+00
-1.209502181831862089e+00
-6.945360777391505813e+00
-2.971201889256801287e+00
-1.328563936816463453e+00
1.236185592571706238e+00
-6.290421864138573405e-01
-3.836161184478489528e+00
5.422916347599699094e+00
6.696538963385370913e+00
-4.394987792030214280e+00
9.952449784495431828e-01
7.489995771111989775e+00
-3.113744701522161762e+00
-4.045332956249236389e+00
4.085704160058597267e+00
2.184880811701773951e+00
1.771045765050880405e+00
5.634202255173281770e+00
2.916484345391435085e+00
-1.162705031638111119e+00
-1.028137378368164878e+00
-4.140666321384320891e-01
-2.136582557729116427e+00
-6.757378311090752376e+00
-1.170975860486254483e+01
-1.058997099303936551e+01
-4.127990022092540734e+00
-1.967425057348936912e+00
-1.887832114959233643e+00
2.969361006541837433e-02
-5.533540192500162824e+00
-8.550431352812235986e+00
6.931411346618894243e-01
-5.592031601454952039e-01
-1.122779064676304905e+01
-1.069703473793156334e+01
-7.160033126015163063e+00
-1.675608656958841092e+00
6.927893881363937467e+00
3.470466886936457218e+00
5.927197275486699724e-01
6.798377175626651336e+00
3.066134786109682153e+00
-1.582217546881210524e+00
2.906501873287160365e+00
1.312340185935660486e+00
-1.567827935174356035e+00
2.267112203839358298e+00
6.048453294523251422e+00
1.067713300240439978e+01
1.202148114894424324e+01
8.268600923800759617e+00
9.845612080042583258e+00
1.037454415885000714e+01
2.251719214306723060e+00
-4.710922020541209676e+00
-8.270334599857653402e+00
-7.755304993978364259e+00
-9.422996303810062813e-01
2.443593354307758148e-01
-5.182712629248090508e+00
-4.879934765995477264e+00
-2.708731940767109769e+00
-1.135566487683584036e+00
6.171042173877518522e+00
1.080544493786411664e+01
7.235657859911294842e+00
3.720215972623656775e+00
4.609237780095178927e-01
-3.552865907313961458e+00
-4.916383102676302741e+00
-8.782329096793189294e+00
-1.367137625699413661e+01
-9.138677533492497673e+00
-9.276010184310887752e-01
1.447980790442573884e+00
4.215284467208751273e+00
9.807759118249002483e+00
1.085408154199236108e+01
5.417445475193035875e+00
-1.783916959128932334e+00
-2.563622794438751740e+00
2.243988997995998602e+00
1.201176207800305207e+00
-1.725421191778061747e+00
-1.934629319617942045e-01
-4.552776319624427082e+00
-7.303852878520912917e+00
3.107879787297312735e+00
8.480053859295392016e+00
2.805789826724728986e+00
-3.866017134479298178e-01
-1.874120828897073654e+00
-1.592686005388095793e+00
-1.231478970844905874e-01
-3.379160690500408126e+00
-9.583169667513780077e-01
9.285811608676466378e+00
1.261960472140661160e+01
1.053777363061421291e+01
6.227290098749632463e+00
-3.187097850597433002e+00
-7.591312656319542995e+00
-6.025851941505104392e+00
-8.677767354155129453e+00
-9.404447950688009428e+00
-4.411120099273990292e+00
-5.694444538030672298e+00
-1.139487515315127197e+01
-5.892487176658276482e+00
4.842343601479773163e+00
4.424437547494308731e-02
-1.252545640600883559e+01
-9.703820302597206293e+00
-5.103583973754588499e-02
1.377561612420922899e+00
4.009804075469480367e+00
6.869783984789851417e+00
1.563736004157360249e+00
-4.543857613087669556e-01
8.168787190168962375e-01
-5.631575283228902329e+00
-8.533447271985293625e+00
-1.475519719816648756e+00
3.283406107090971915e+00
5.264474914250761195e+00
7.726705083378534233e+00
5.209766046271951723e+00
2.495050279059763731e+00
7.093075969986816887e+00
1.120886646204520787e+01
1.050827913035240257e+01
1.170844139311418175e+01
9.127616161969111630e+00
-2.657341959618802818e+00
-7.015085312301305720e+00
1.715088375879148863e+00
5.195213254359010158e+00
8.650023704637943567e-02
1.205586949333189661e+00
1.095265524828672810e+01
1.505682980248978708e+01
6.924696825058539673e+00
2.967055246525873713e-01
1.598390124597324657e+00
-3.122572575412908336e+00
-1.359190040701156477e+01
-1.192066423730568303e+01
-1.372029592005653775e+00
6.767514934382581338e-01
1.336723718582785381e+00
8.247139818326518323e+00
-8.653652265050926218e-01
-2.177291458365473886e+01
-1.883090316805342823e+01
-6.194925867488393578e+00
-1.121498373050357600e+01
-1.250744368269683982e+01
-5.976724100746398705e+00
-9.146681790425017056e+00
-9.313127021718589305e+00
-2.430467958948528739e+00
-1.706457096840129140e+00
-4.349388293004873063e+00
-5.343685671456699815e+00
8.912911155120175621e-01
1.459830406059470320e+01
1.818670209342600685e+01
9.545119008219606016e+00
7.813595732553721973e-01
-7.902951549598213887e+00
-7.474449412919564217e+00
8.426851025274173068e+00
1.653760255821899960e+01
6.339231831487804669e+00
-1.907042966718719867e+00
-4.808115188795230033e-01
4.558848232052552518e-01
-1.435834935828609771e+00
-6.846269811067617894e-01
3.613450837439046381e+00
5.038585519008281999e+00
1.635082346383333718e+00
2.054817965350623776e+00
8.299040054296559887e+00
1.099329833615614582e+01
6.319294904700599957e+00
-3.110269265405372074e-01
-4.095874965282696678e+00
-5.258811310340727019e+00
-5.044634204447790538e+00
-3.718701288633059043e+00
-2.984188305244507955e+00
-2.039910139086478225e+00
1.597296692940060936e+00
5.731018139186658367e+00
7.236597879649108833e+00
5.216832117381438927e+00
1.986472976770240484e+00
7.056603526380893499e-01
2.571284202919139616e-01
2.373112168538448863e+00
4.413717209651442985e+00
-2.973097502734864506e+00
-8.291538978223393030e+00
-7.763099553971728461e-01
1.762325797718998110e+00
-5.064724612157334604e+00
-6.509806478877990799e+00
-2.331252636598338146e+00
2.521084801185326185e+00
3.552734302085203577e+00
-1.342058590472889001e+00
-2.259970778714428974e+00
4.581725313378090192e+00
8.587832539655543940e+00
2.525026704457070448e+00
-3.856612048242658908e+00
-6.171528728930346652e-01
-3.145022040174082711e+00
-1.291330503492115156e+01
-5.808445075986505834e+00
7.189294421611220898e-01
-1.351019967672979050e+01
-1.664703231114572191e+01
-5.796620987826461402e+00
-5.454984614475893778e+00
-4.960836246495474278e+00
-2.453612486510862389e+00
-2.196414220964284958e+00
6.367466285670731807e+00
3.786357858066351945e+00
-1.123208631619527331e+01
-1.721170735136395180e+00
1.523562904229474846e+01
7.608316356307349260e+00
-1.132198654094492163e+00
2.047225252744281576e+00
2.296519014456643415e+00
-2.270073565936242765e+00
-5.718673945134840508e+00
-8.198493701401208256e-01
6.855136317541870916e+00
6.981130587764351247e+00
1.340893269186476644e+01
2.155538396758021591e+01
8.426445362053765820e+00
-1.755448030309858076e+00
7.870622963342823297e+00
3.265186274819945833e+00
-1.080100846476156562e+01
-2.575788902861766871e+00
5.857555053983660720e+00
-4.778329542585950662e+00
-1.082029207962325401e+01
-7.339537581306522895e+00
-7.443152394221661972e+00
-7.718231322260461269e+00
-5.464875077415804583e+00
-2.650618620755367250e+00
8.581110555920838934e-01
-8.833337754156980193e-01
-6.442756897090754720e+00
-4.506763381133902513e+00
4.003677801424307958e+00
9.299486465765845367e+00
7.689504020094199532e+00
5.198660405259397876e+00
8.405877731319492341e+00
8.299433237122620710e+00
5.901534090144799904e-02
-8.598451429477211860e-01
4.264478841357043137e+00
3.722384762777730671e-01
-5.024402060151659910e+00
-3.961902918018717301e+00
-1.326972603745466550e+00
1.185262567200954686e+00
-1.950592959449847452e+00
-7.830867117357620977e+00
-5.379062923924692541e+00
-2.734922884262657838e+00
-1.646966746644471513e-01
1.032142847755741144e+01
9.171065670061999242e+00
-1.291076742840468583e+00
8.621625280376942868e+00
2.153482813433299725e+01
1.199204261741424027e+01
-2.180448612124068042e+00
-1.029988209856170656e+01
-1.438446365186222664e+01
-9.396879239079840573e+00
-3.633125068479719388e+00
-3.460231059250681529e+00
-2.388424910965765147e+00
-3.156879606160301499e+00
-6.020897735794703998e+00
-2.893091167600134739e+00
2.263902946243697922e+00
2.311028246705314260e+00
1.274347518350418262e-01
-3.248319081732387037e+00
-8.069781666753165439e+00
-7.123339468977166078e+00
-1.150118207935312276e+00
-2.655242155877395316e+00
-8.864979572357514215e+00
-7.007206975231493828e+00
-1.679956834618153039e+00
-3.098563367649200373e+00
-9.093796296968733373e+00
-1.162614729453042450e+01
-7.642291326362823156e+00
-2.745401079401984745e+00
1.448091113874353297e+00
8.880531177238662366e+00
1.360012397479320612e+01
1.042496275498353420e+01
4.324922928589371551e+00
2.623158029248466860e-01
3.462306823644285991e+00
1.094967609713565615e+01
1.040458726382668786e+01
4.657403592284120819e+00
3.914318562476545971e+00
5.479823417625869553e+00
8.392213533002429671e+00
1.422385191933430448e+01
1.214972092830583428e+01
-2.567707918531940248e+00
-1.096180653646636571e+01
-2.257632165610736763e+00
3.610133049033538821e+00
-4.126850249341134536e+00
-7.884480403449638075e+00
-3.233442022452217124e+00
-3.173927465289282601e+00
-6.786157081846186934e+00
-6.355708994635176801e+00
-2.690697309268162307e+00
-8.550411158955184554e-01
-4.142487153679113909e+00
-7.623752538080674768e+00
-6.023051836276206217e+00
-4.004909894613193799e+00
-5.363238071327590006e+00
-4.979090960109158637e+00
4.982660778749989916e-01
5.569676566770517034e+00
8.825270502564183772e+00
1.448861192069999149e+01
1.515158193924466445e+01
1.035215540941808499e+01
1.488292533808816032e+01
2.036579604110136898e+01
1.342097828133669957e+01
3.740203806078632454e+00
-7.080517428733596574e+00
-1.250571321754932796e+01
-4.135464881001387205e-01
4.606768489602350414e+00
-7.386936560588240219e+00
-1.025993409637325016e+01
-9.300370293566427193e+00
-1.184586826025187278e+01
-2.834409587177943557e+00
9.762040688938085076e-01
-1.117836636463244382e+01
-1.287776099327991908e+01
-5.958391418620102797e+00
-9.756506519521014553e+00
-1.465556637332151446e+01
-1.292556372341293169e+01
-7.219209267153499532e+00
5.536438687694730021e+00
1.640418645765550565e+01
1.552993000750828578e+01
7.781300854913764553e+00
-3.509631189455754807e+00
-1.123607765458892516e+01
-1.092352661867974994e+01
-1.026885881200720618e+01
-3.413949427208859966e+00
9.288103313761487456e+00
8.656871021404374034e+00
3.008586126636113356e+00
5.044425945527728494e+00
4.189808175797814727e+00
2.858542797007538105e+00
1.713880515591471365e+00
-3.051093419127419271e+00
1.459258627458049240e+00
3.526225898493148492e+00
-8.471212021339642462e+00
-6.706517697647607967e+00
7.419140888071332540e+00
1.092570840910828345e+01
1.012716786282600268e+01
3.182159561621227706e+00
-4.117190347837920150e+00
5.805473561116606618e+00
7.756286094207060167e+00
-2.260355371079629805e+00
6.951143600322311045e+00
9.257308783642310246e+00
-8.598664039608447496e+00
-5.495412771464533108e+00
3.726275616990459838e+00
-5.016593198421554156e+00
-2.581516741007159332e+00
3.053054607413959953e+00
-6.536156420187676730e+00
-8.435508702197973108e+00
-6.116988799521655196e+00
-6.574730858821091317e+00
3.921410029347916382e+00
7.153772819772216351e+00
4.513509479517583856e+00
2.267662864397832223e+01
3.432589518602109280e+01
2.431739863632286358e+01
1.980899711772143945e+01
8.542652376446820739e+00
-1.087213006118426151e+01
-1.062520972453808454e+01
-1.328356303603832345e+01
-2.476669296084156713e+01
-1.124889615319728264e+01
-3.825902227979227632e-02
-1.651241501082738949e+01
-2.167849132212461427e+01
-1.094640838616327727e+01
-1.148944054063362330e+01
-1.467567080405159530e+01
-1.016159823626425762e+01
-4.541495536192687865e+00
-1.504190984670269238e+00
-4.209022310670096800e+00
-8.215446950193479481e+00
-4.971076348291147973e+00
1.131332091040909038e+00
3.064018198806124360e+00
4.283908189822853707e-01
-1.135161141722507594e+00
5.045251016696865598e+00
1.015315022689038926e+01
5.402900042790053980e+00
3.509316901241169795e+00
9.229850113741644435e+00
1.080317850066240126e+01
7.197550752468742985e+00
1.878294222378131373e+00
9.908539933843396597e-02
1.066756312954186470e+01
2.193840630464896790e+01
1.593823456378239811e+01
1.009154542885393635e+00
-5.296684202938617858e+00
-2.855075915060470315e+00
-2.602297544484675207e+00
-1.943125692078260913e+00
7.040449516889436765e+00
1.101221559611344958e+01
5.177800095328341179e+00
3.943156394409977672e+00
-5.698157159371834979e-01
-1.145587448194756952e+01
-9.426950817441785091e+00
-4.367292854497025090e+00
-8.755188403583568757e+00
-5.436593470104899239e+00
1.321329030444812203e+00
-3.305650882023247306e+00
-6.674629367371062827e+00
-1.151494252680291375e+00
2.400371986103961852e+00
-3.459199187338130699e+00
-1.053758347898843795e+01
-3.751686323214114438e+00
7.621865517215259622e+00
5.824002518487858993e+00
1.808212082912295404e+00
5.787070096683857301e+00
8.454912235520291475e+00
6.147325448851875151e+00
9.441876577813266280e-01
-1.395762886994707408e+00
2.513251531607931355e+00
4.396382757659396123e-01
-8.263766203691687906e+00
-5.399587824524138213e+00
3.753625584593621056e+00
-6.820387097962452572e-01
-7.834012608035004988e+00
2.154266864845800988e+00
1.484916147106727990e+01
9.254757613231801017e+00
-5.546397628513185296e+00
-1.229550660361996961e+01
-1.000629132304082880e+01
-9.422895063491569800e+00
-1.361773878065591603e+01
-1.151633811979503008e+01
-3.780441850957990457e+00
1.758011269237849561e+00
1.092453291855295738e+01
1.328650909947213421e+01
-5.316501882083801256e+00
-2.055273944148826359e+01
-1.727242208577713711e+01
-1.164607900214263836e+01
-1.771634882155792567e+00
1.429972185834571619e+01
1.831302481563273687e+01
1.173043383088438674e+01
3.605871647465760166e+00
-7.276034490441825042e+00
-7.144477894748941793e+00
4.317161829148666641e+00
4.912166142948461101e+00
-1.340966635014684272e+00
-5.605547058312460251e+00
-9.078640757023608288e+00
2.622130196438966721e+00
1.641032800376907375e+01
9.871386490827795512e+00
1.006497332946349665e+01
2.095659244739528759e+01
1.534714203773088670e+01
8.471386715545746071e+00
8.133543917841119963e+00
1.500619419356532314e+00
-6.977209959145564966e-01
-3.746305803585998184e+00
-1.247961385002781576e+01
-6.037699729976984564e+00
3.137671367062152772e+00
-1.480349656844433426e+00
-3.788027890494687799e+00
-4.305599152677244135e+00
-6.286974854910537758e+00
-1.718931663768859863e+00
4.686893670399596701e-01
6.871054243856669075e-01
4.822605069180477599e+00
6.322060994614560059e-01
-8.883717215746617768e+00
-1.241742944192171549e+01
-1.170666111574418444e+01
-3.533243627555983757e+00
4.061485499329711146e+00
-3.090331066258650283e-01
1.180566204853272794e-01
6.334017952011377517e+00
-1.318600670251614204e+00
-7.211690276844024083e+00
-4.022025391877033229e-01
-4.676438627416823479e+00
-1.005570624084800357e+01
6.348215785033017866e+00
1.739291261502072672e+01
8.833629083013653016e+00
5.236124692821437776e+00
5.385185269231131500e+00
1.720441830099892044e+00
4.026733802274302221e+00
2.509207863913466063e+00
-6.309365572060850802e+00
-4.422644229642030744e+00
2.646062432819210830e+00
7.120217134512900614e-01
-5.284682193691895513e+00
-7.904766155538142769e+00
-3.137646583276157752e+00
-7.245008763846225719e-01
-9.449968668517863435e+00
-7.007020804818496984e+00
6.366204499963533436e+00
-2.227557133082068930e+00
-1.255970750988468687e+01
3.853288915755490152e+00
9.035427234594113344e+00
-6.796310427397116882e+00
-4.482778324622193722e+00
6.429999682616479362e+00
4.920502796919277166e+00
5.280060350984378204e+00
3.327422872985781765e+00
-4.048944429132078859e+00
4.874773192721715276e-02
2.627579660923899496e+00
-5.319464608367374225e+00
-1.640132210094306764e+00
7.020341363222155628e+00
3.051825282618394475e+00
3.280622636301018247e-01
3.354765734103582364e+00
-2.734211807544628670e-02
-8.091083755090735963e+00
-1.322194372183221667e+01
-1.007954569848037707e+01
2.070846960514050039e-01
6.865940120905729138e+00
7.597696738603930022e+00
7.281561816056769665e+00
5.390488945555864220e+00
6.281187181705572442e+00
1.213460492543782010e+01
1.117707555024042776e+01
9.280096947272078456e-01
-2.863224914984149994e+00
3.272253634015405588e+00
3.751427499273253474e+00
-1.959676916337124375e+00
-2.079787370289384540e+00
-4.693845913418945415e+00
-1.195886222183363756e+01
-5.833878720124750394e+00
3.213662225993046295e+00
-6.007500593451421622e+00
-1.561828210567717434e+01
-8.195739003351761198e+00
3.562796539580866728e+00
8.625229600673524288e+00
6.399992499319013817e+00
-6.227827400596712693e-01
-5.602875823809716493e+00
-3.996273899536728180e+00
1.336885313645420403e+00
2.750336922326328981e+00
-1.306548825616320908e+00
-2.982462117962764836e+00
6.494648355583807486e-01
3.483518091210493495e+00
3.612541597287410866e-03
-6.992664671036068924e+00
-5.701280708613008841e+00
4.765205495200001806e+00
7.802587603284414364e+00
1.711276975724736360e+00
1.462714284399683429e+00
6.567024778989134504e+00
8.695713844849935370e+00
7.874643232323268904e+00
5.941336653934683909e+00
5.706860897362472151e+00
4.695191528099193157e+00
-4.928790925642889675e-01
-3.053333609284212269e+00
-3.046160069105004808e+00
1.028705652978215035e+00
1.501152988225328144e+01
1.671445533729924904e+01
-2.355718772065134026e+00
-1.292776899469317442e+01
-9.575121085566959067e+00
-1.080861392980070335e-01
1.051094239983616063e+01
1.671421758045637418e+00
-1.529329616787543245e+01
-1.877088022131971812e+01
-2.222560012452867895e+01
-1.645115915830394471e+01
9.647180062745381868e-01
-4.576222422752053376e+00
-1.556273712415781851e+01
-2.521486326526355626e+00
7.537980690164443942e+00
5.986660146700840457e+00
5.790532957881918463e+00
3.275647139160083654e+00
5.372238222162550869e+00
9.956954811796148164e+00
5.391400910219125819e+00
3.331931329655793306e+00
4.649670750595691793e+00
-2.280584137431866054e+00
-8.909637937769000260e+00
-8.491559217980922725e+00
-3.300286588235423757e+00
4.002943815969985053e+00
6.207919697886594257e+00
6.459928203874413910e+00
9.504514976928929215e+00
7.265335000932411802e+00
2.659694796760531332e+00
7.351874256355946713e+00
1.599648497717261186e+01
1.253453142504660711e+01
-3.308315798033943711e+00
-1.204345041572589281e+01
-9.256673118924968691e+00
-9.371323490107251075e+00
-8.568106725201907636e+00
-1.923869204276122957e+00
-7.627491246228337296e-01
1.817287061583293450e+00
1.044240191834069620e+01
4.280792352303710580e+00
-9.029074550137876187e+00
-7.203993062673198722e+00
-8.782411539523561572e+00
-1.983511794105189807e+01
-1.320829189255543490e+01
2.879776674736127973e+00
-1.600841174279456780e+01
-1.150459813002749954e+01
1.658382836056276677e+00
3.634152865736835381e+00
9.698379561151405426e+00
1.977158022861795672e+01
1.328369418444247430e+01
7.552412194464253048e-02
-4.312268930046267101e+00
-7.271795340236641536e+00
-8.326360466124977933e+00
-5.817677600735393639e-02
6.542713674213078257e+00
1.747109449404178783e+00
-1.923130282198477037e+00
6.488764201530146991e+00
1.311150240352442253e+01
3.258407821994155462e+00
-8.947172525330705284e+00
-7.296963954228963267e+00
-9.768249734853564625e-01
6.717875065057516970e+00
1.933798968480581237e+01
2.026850115114799777e+01
1.145140559280519099e+01
1.445527881174638196e+01
1.407005323065192393e+01
-1.089083841201355263e+00
-4.144660700765040673e+00
2.716584069161254611e+00
-2.701246281978380459e+00
-6.096181545361140763e+00
1.909751244357636324e+00
2.257713732929535144e+00
-5.461660075800867986e+00
-4.903651553583026512e+00
4.152296022995791702e-01
-2.295324024271465646e-01
1.806497792595962437e-02
6.016658049649663553e+00
1.866724482433120613e+00
-1.684996222663545495e+01
-2.225431701658518335e+01
-3.569786346401021326e+00
6.386789077179344964e+00
-2.989181202214634681e+00
-4.910155676892646426e+00
-3.662485547495031746e+00
-9.177619520613838233e+00
-1.344810974837074014e-01
1.132469971536566966e+01
2.729330850643996165e+00
-7.880678325118077865e-01
5.487288192748931870e+00
-4.604293492131654730e-01
-6.457387509822015481e+00
-3.519143797965942788e+00
-2.729661232951563044e+00
-1.097494783955839104e-01
7.098073025217219723e+00
1.291119497982425557e+01
1.321327985960802032e+01
1.133974708442852197e+00
-1.404923942267276971e+01
-1.308291358516060043e+01
-7.594598577310735621e+00
-1.312195107777592007e+01
-1.059712594078529868e+01
6.891345725000821432e+00
1.580119544873450010e+01
1.163351512332841153e+01
2.858526823598358746e+00
-9.631197733927713500e+00
-1.203400240775350305e+01
-1.173536379297656751e+00
1.145178226892063833e+00
-6.508164510582693296e+00
-8.498622717390066583e+00
-4.076452179281050192e+00
2.561135878922241815e+00
6.891460111135610411e+00
3.862767725324998125e+00
9.668979983715959570e-01
6.048226606289032858e+00
9.356620117137101289e+00
2.690171878769225700e+00
-3.005502546455963042e+00
-1.748029799781641636e+00
-1.774805113194021455e+00
-2.886984497386015036e+00
-3.128939780131149817e+00
-5.036921160067278969e+00
-1.758183615279961032e+00
4.096091979538829975e+00
1.188028611508127330e+00
-6.197650189818260102e-01
1.925716678759916256e+00
-5.011273499774935303e+00
-8.503216635398860745e+00
3.381645919820100321e+00
8.384960695140998510e+00
2.631897800347060556e+00
1.613091784382501004e+00
2.956856723428550993e+00
8.506867098382800307e+00
1.283460416600519594e+01
4.072371937011748599e+00
8.195299558120758832e+00
2.397075433340003059e+01
1.005891461466977255e+01
-6.190174502835081860e+00
6.526319008714068559e+00
7.043707565501879486e+00
-6.814505430628083893e+00
-5.144145133834054917e+00
-4.724968434250937932e+00
-8.300463604131271822e+00
1.621559750754943963e-01
4.447518036987908374e+00
-3.981800033702217689e+00
-6.944556669060927945e+00
-2.674081105374046530e+00
-7.175741781613641734e+00
-1.306565460751690289e+01
-3.234464792933520627e+00
4.109896626993768010e+00
-3.022174819915090183e+00
-1.009439732986770366e+00
8.907025098154589315e+00
4.587419523078584582e+00
-8.758273781115008205e+00
-1.519869919449388540e+01
-1.195058084973671342e+01
-9.382854515971006393e+00
-1.075186162090883890e+01
-3.259744962714124838e+00
7.337084752092490447e+00
6.608595626729124817e+00
3.134929895518243192e+00
1.274743998218673902e+00
-2.736266457326541612e-01
2.040659851956952764e+00
1.191627500438718901e+00
1.580998577655818416e+00
8.250106446566418228e+00
2.891069588568813131e+00
-7.189656643178054196e+00
-3.792456960878935135e+00
-2.457593201316941478e+00
-4.842200934968004411e+00
-1.556932084026139362e+00
-3.912788151331522801e+00
-6.870849549904581188e+00
-1.943007750036504611e+00
1.766883356326087728e+00
6.032347485204167192e+00
7.004534169935329402e+00
-1.648738877215123466e+00
-2.416649459740153105e+00
5.795090084613425674e+00
7.492563287504967917e+00
9.673154407525569098e+00
1.283911576545370359e+01
6.608125377916417520e+00
1.452050782231777859e+00
7.685351941104867635e-02
-1.135982356658630898e+01
-2.035142072386473089e+01
-9.023972977874443302e+00
3.951887073193251609e+00
2.051477213573914327e+00
1.241722714857118604e-01
7.193651772687463364e+00
1.467836429753104355e+01
1.630270738789567275e+01
1.181698900754949122e+01
7.860528956731865691e+00
5.609578635674761671e+00
-4.460611004027971838e+00
-1.309455901054561444e+01
-4.845143609892241798e+00
2.742418647603550141e+00
-3.405515613753284043e+00
-3.370683885639095934e+00
4.397766390270774650e+00
1.627418865638809109e+00
-5.167200665848499241e+00
-4.347295539310113810e+00
-5.268692799528469362e-01
3.086928937285478458e+00
3.057499106655114929e+00
-1.304275105619510100e+00
-1.517355141619358250e+00
-8.097401449672556595e-01
-6.409572198064799053e+00
-9.290654647829853729e+00
-7.988032272384182342e+00
-1.126881207857604750e+01
-1.077163702607504092e+01
6.230599801078984257e-02
7.549309052204135284e+00
6.829393959160941385e+00
6.498642052502308530e+00
6.964335013549245446e+00
5.936206159044731479e+00
5.009147632009741002e+00
5.426951358712948092e+00
5.942105061926101328e+00
1.120320345685875907e+00
-4.924341093718159534e+00
-4.340573346140743638e+00
-5.556901874635862271e+00
-3.969542427472067647e+00
1.117778015622435284e+01
1.344635373796737809e+01
-3.765123552497043669e+00
-3.840025383679657178e+00
5.636960733715264737e+00
-5.195783468209137723e+00
-1.436287033436265581e+01
-6.123726610087407707e+00
-5.200856079221722439e+00
-1.193235812237142923e+01
-6.273396566858929546e+00
1.517912236812293258e+00
-9.353051122322266764e-01
-5.454045711878854341e-01
1.555248416001595135e+00
-4.810858451970597471e+00
-2.152454663748123664e+00
9.779670656304954690e+00
1.387685013829788261e+00
-1.414124246906910543e+01
-7.628623103498584967e+00
1.668316338174532731e+00
9.216734333997447237e-01
3.271242360588814346e+00
1.148877610549629225e+00
-6.486245907759369267e+00
-6.056881957049704113e+00
-5.982103105570446999e+00
-8.633059375184236828e+00
-2.537564859974137832e+00
3.892287183914934445e+00
5.124621124370255743e+00
1.131810178568919234e+01
1.617699321565641668e+01
8.983362645397114932e+00
2.108649279207773564e+00
3.203247937967526493e+00
3.693393430844987613e+00
1.050253551215235248e+01
2.376067354995013048e+01
2.251170139543151549e+01
1.935027399966115524e+01
2.926649483834536980e+01
2.135345481720769811e+01
-2.900854899330108871e+00
-6.170572826444013614e+00
-5.868617109743112792e-01
-8.999283476005295768e+00
-1.685958272693569882e+01
-1.698250839392708400e+01
-1.536431495305383876e+01
-1.045000577454620938e+01
-6.419885549351119991e+00
-6.793450212576477298e+00
-4.553540724123770644e+00
-2.285959744609311173e+00
-7.302777858655485232e+00
-1.235306901250510236e+01
-9.983117570935849727e+00
-4.160011428204017037e+00
-3.385848103495148642e+00
-8.672782195424787233e+00
-7.028118673277878869e+00
8.571779624932586161e-01
1.052627058163856821e+00
5.108179299035640497e+00
1.480132616222498676e+01
5.294539188039951050e+00
-8.613900786607683102e+00
-1.858690313087303814e+00
5.094641426496757219e+00
2.363162615033693292e+00
-1.128398948179597738e+00
-8.193818358042170402e+00
-6.222069633853363868e+00
6.509675664004548779e+00
5.624020623413501951e+00
-2.238755675730407901e+00
-6.182794897066996143e+00
-1.514766392459905830e+01
-8.796294700382574661e+00
1.420123343222580381e+01
9.594502444625778281e+00
-1.539385840488267831e+01
-1.892587089193832739e+01
-1.034351190778857621e+01
-7.152315468243849672e+00
3.413512381972860332e+00
1.852410631839046573e+01
1.735464128928883909e+01
4.614090188435719497e+00
1.580095440301189313e+00
6.592835228852971241e+00
7.439342216872994129e+00
7.393070310909303444e+00
1.093613092114177121e+01
1.293754932300196181e+01
8.004254164291650042e+00
1.461756069252874823e+00
4.096759418589650537e+00
7.731100632636409564e+00
1.355541743096062568e+00
-1.993389367996467154e+00
3.336122460626885555e+00
8.037970734862959432e+00
1.132803705812144557e+01
5.187551199475855412e+00
-1.097008927930834155e+01
-1.101083165499636252e+01
1.017311055403771647e+00
-3.617820063875874403e+00
-7.799886158575111139e+00
3.491762641592582206e+00
-3.320643194894263850e-01
-1.434516787710801999e+01
-7.971618290588592615e+00
-1.633237594953298455e-01
-4.330380999438734335e+00
-1.369984040195889818e+00
-5.636684596664318647e-01
-1.103310208881567078e+01
-1.103532058202487498e+01
-8.335388950491848803e-01
5.152394314517207974e-01
-4.732852278340207164e-01
5.771804185729568104e+00
4.378933501448692311e+00
-6.919520689577062456e+00
-6.540723304404668426e+00
6.840681326555309028e-02
-4.243897055441460786e+00
-4.220025772918527096e+00
1.874084773605323662e+00
-3.459004093022448600e+00
-5.866781185414948752e+00
2.652714312632217464e+00
3.204204479214438628e+00
-9.286411395263263202e-01
1.185476546679073984e+00
3.889415846216197181e+00
3.439402575131303763e+00
-2.738491895644074248e+00
-6.989650651583176888e+00
3.281158630636110018e+00
1.166990215538721642e+01
6.442080508486895951e+00
3.451054969733843958e+00
7.106379153206310306e-01
-2.275600771666490107e+00
9.560816836539574481e+00
1.548699078030651499e+01
2.552147184121445367e+00
7.204732840673413463e-01
4.642161824937989678e+00
-6.939833262067594433e+00
-9.123988072094480373e+00
4.463523962207231577e+00
4.630429492728696417e+00
-4.654165039304862361e+00
-3.904613784864624293e+00
-2.427451420903476986e-01
2.480280899565415975e+00
1.180781970804342151e+01
1.259487208080274812e+01
-4.485766616493360281e+00
-1.427239871801239168e+01
-1.487011013021753314e+01
-2.473994252080159839e+01
-2.548845428575977579e+01
-8.616318160747367116e+00
1.636765579211181709e+00
3.308661926472680648e+00
3.348468794194010556e+00
8.956874254750735176e-01
6.425183309686413047e+00
1.879914072827405391e+01
2.015061627191059657e+01
8.396331257685558214e+00
2.375412040555595183e+00
8.567869172883014528e+00
5.405158214082273815e+00
-7.767471313003207811e+00
-6.051788832919505090e+00
3.072929043767252288e+00
2.340878501807771350e+00
-6.572375889902177803e-01
-1.831423571241443504e+00
-3.351623529917833633e+00
-5.746646942267119584e+00
-6.832630270743248246e+00
3.091721437537282569e-01
4.413962282583970165e+00
-7.505790205721847741e+00
-1.597294439424467072e+01
-2.422285549171423469e+00
1.980919985960967367e+01
2.842169153174089047e+01
1.780018932430587242e+01
-6.620938361804569183e-01
-1.319069467742001223e+01
-1.102143624658089749e+01
-2.524214057401086286e-02
2.165551313796285626e+00
-2.775937814482453803e+00
-1.179076068707459513e+00
2.067679911564178852e+00
-6.629096790126576266e-03
-1.674562819874028996e+00
-1.064336046529483326e+00
-4.595212732552657720e+00
-1.359729168512939523e+01
-1.684749231398814828e+01
-8.212527064852785941e+00
-1.534292920890465872e+00
-5.645554971171112157e+00
-5.398955532744976082e+00
5.983838163506172592e+00
6.791682653989830065e+00
-6.680739347777736370e+00
-7.859296587352191388e+00
3.862195948430624526e-02
-3.328322881205580508e+00
-6.245748146469985329e+00
-1.230760264247172664e+00
5.671217631658442393e+00
1.453883613231419858e+01
8.724566638807317531e+00
-4.948566608479970874e+00
8.141717581860334008e+00
2.220231128217221439e+01
5.528073380748279142e+00
-3.260006679707093902e+00
9.007951811869173042e+00
4.027231641853701305e+00
-1.542610536394412257e+01
-1.207115558638086128e+01
9.682504005865787633e+00
1.372991657504580054e+01
2.697185976702277443e+00
-3.456559712332225587e-01
-3.157153349902784623e+00
-6.776900926979859463e+00
-3.801458460014823793e+00
-6.075922050922535789e+00
-5.754879372252959868e+00
4.619266488874927745e+00
8.831586080886795642e+00
1.210941873863140295e+01
1.094450639413023829e+01
-6.426202051815415039e+00
-9.433281806032029593e+00
2.328224415877148346e+00
-3.090017860836217434e+00
-1.242509891557221247e+00
1.642979143984668156e+01
8.560286665907920423e+00
-1.227444664723241630e+01
-1.027184161724215627e+01
-6.296509610329827922e-01
1.135959285417335707e+00
3.742761272507670434e+00
7.884637729944984130e+00
3.300034002805953826e+00
-1.081872827483767985e+01
-1.560630374723868030e+01
-7.068497779196087905e+00
-5.960002567531658357e+00
-6.499829620065146862e+00
4.029238136584221586e+00
8.498550223721643704e+00
6.306891188068074250e+00
2.461218374735237191e+00
-1.427826725771054051e+01
-1.941928962579224915e+01
-4.981300782150568374e-01
2.179005149705343314e+00
-8.310736736530294877e+00
-3.844245951334916533e+00
-2.952945336869135406e+00
-4.427071048675103704e+00
8.972642432210568231e+00
1.395064814218258675e+01
4.943781919369426348e+00
2.823725253134975244e+00
2.881560499660689612e+00
1.086655527203834737e+00
5.500691898804467073e+00
7.491478444157445793e+00
5.324549591033420626e-01
-4.527492559180418041e+00
-4.897453024189440285e+00
-5.833841745369397813e+00
-2.856958696432407407e+00
3.877076934707707423e+00
7.542213969381806216e+00
9.495059523655715594e+00
9.593203867835899956e+00
9.761761248724958762e+00
1.137834050976893963e+01
3.219973189584166118e+00
-5.339682221787246164e+00
-1.352885979006526185e-01
2.471053893743562213e-01
-2.259027533065132154e+00
6.757916076798638372e+00
4.316919753354772737e+00
-8.535056706545393723e+00
-5.215647641154673941e+00
5.375691468901893089e-01
-5.535523622522638298e+00
-1.006446499252874638e+01
-8.762712206744536658e+00
-4.421079152887067210e+00
1.011770009442285456e+00
3.877448242217012009e-01
-6.606033280735969626e+00
-8.607834098992277916e+00
-5.043963911878839745e+00
-8.820585073157753087e+00
-1.119662103078456461e+01
2.485542094325509765e+00
1.249557212930797334e+01
6.208768718047409152e+00
-6.087415968633873575e-01
-3.900115941326266267e+00
-3.710861209549146444e+00
4.063093904395403300e+00
8.491189797421933250e+00
1.050021594802176494e+00
-9.600460104903326908e+00
-1.226214279888912984e+01
-5.514362100838653191e+00
5.990501264013881055e+00
1.729598076924806804e+01
1.795812365925938892e+01
1.245276438671135821e+01
1.672965507527695195e+01
1.062626391529997605e+01
-1.449095794799068848e+01
-1.674664657031602388e+01
1.753455719648693290e+00
1.413587954521793977e+00
-7.166141795041323093e+00
-5.688021617077964720e+00
-1.567862202131842242e+00
3.216674530056923942e+00
5.463457487228767562e+00
7.860384467585090462e+00
1.176958181141574578e+01
-3.621730773623283994e-01
-1.630591991695606779e+01
-9.291883879803704005e+00
-1.704749115985295660e+00
-9.725742618308714782e+00
-7.330333316609960015e+00
5.609058449502434485e+00
5.869762196982447833e+00
-4.417885395753877731e-01
1.891894102246195697e+00
5.604266861670312849e+00
1.877915622812798446e+00
3.092590048365080335e-01
5.494077061349986302e+00
4.307429790195318020e+00
-4.367436482440906431e+00
-6.195869865202146443e+00
-8.206247080728523713e-01
3.960263960860963550e-01
-3.384718803686264543e+00
-3.247085659916484346e+00
-7.498003134679773751e-01
-4.235729173338028453e+00
-3.256281937922684389e+00
1.016311142187845995e+01
1.689769136378013670e+01
1.009485013056076497e+01
4.202829746210833939e+00
-1.422985750110338898e+00
-8.555381602155273768e+00
-6.736895041664483941e+00
-2.611254386328482280e+00
-6.252999889841363235e+00
-4.169122604164166468e+00
5.230025791425921611e+00
2.196524591381379565e+00
-7.610385369192343319e+00
-5.620026849377316225e+00
5.671801429272329553e-01
1.016602426155458261e+00
5.895713630348211609e-01
2.378186547407780793e+00
3.581849031698479902e+00
-4.967723665220487028e-01
-3.947143741520894977e+00
1.294157806769972829e+00
3.756312263959406650e+00
2.374504240907125308e+00
1.072670506688506009e+01
1.606598259908400195e+01
9.374933005109037154e+00
5.869248193393151958e+00
1.258074844788368729e+00
-8.956249435363890399e+00
-9.952101040506573071e+00
-8.174246790570954602e+00
-9.842491732792680637e+00
-2.341120115288644499e+00
1.968365111321183747e+00
-4.719128466208589501e+00
3.635257171355643635e-01
7.216472454030008699e+00
-3.819469485308862211e+00
-7.784532906723594436e+00
-6.304024333398494662e-01
-3.359671622293214810e+00
-6.611788399944291683e-01
5.614643116497912700e+00
-7.451044977014152693e+00
-1.221230857151913085e+01
2.619260616660529450e+00
-1.373162124377460991e+00
-1.601819028386119825e+01
-1.075280085773861494e+01
2.865400051194200159e-02
4.760935786591943497e+00
9.618151079659197578e+00
9.113114189079841054e+00
7.534668281580962912e-01
-6.179275468592171805e+00
-1.835601696025978669e+00
9.460731966175213614e+00
1.066866649946267742e+01
3.288338502724892365e+00
2.287164195352872298e+00
6.352977666069453022e+00
6.940568690628436066e+00
1.840795996372582621e+00
-3.416062468198045821e+00
-5.799923875703889564e-01
6.065241709936602277e+00
6.516358639989048740e+00
1.513903635523957902e+00
1.227656606086264812e+00
1.047224263999028437e+01
1.447660709648241806e+01
5.801428189010889191e+00
-4.427353830563305337e-01
-4.129794932823175557e+00
-7.891249473256896074e+00
-3.584452568480540613e-01
5.227689726123828429e+00
-4.604510519058102602e-02
1.492203408777061924e+00
1.368300131047317514e+00
-8.124287243139542980e+00
-7.985373645500136952e+00
-5.474010200762315037e+00
-1.135143394848351761e+01
-1.037612376896605504e+01
-3.893862843488455905e+00
-2.117422502450367006e+00
-1.477900383245253302e+00
1.976217991497390969e-01
4.299673104709373028e+00
5.597145421425692824e+00
-3.977798706318175892e+00
-1.166015291824081856e+01
-5.116730071336881736e+00
4.720290583403576434e+00
6.176786037214283098e+00
-6.392132640450975956e-01
-6.411799835425217253e+00
-4.810834532865690960e-01
7.471433676326006079e+00
1.482212406576116415e+00
-4.364055116916590649e+00
2.634432563005032257e+00
-3.577230256372949668e-01
-1.650952979433141010e+01
-1.674988912084764081e+01
-6.240876932803704591e+00
-3.787722544324594764e+00
2.790644774485530277e+00
8.902813286771586121e+00
-8.867898029239720259e-01
-3.526614321632305149e+00
8.398207771408827682e+00
8.391480342772029033e+00
2.882639024115718041e+00
5.236946208054586549e+00
2.161247329263015438e+00
1.014157037703613540e+00
8.073264316188993206e+00
5.554945055836879142e+00
4.016959256912850051e+00
1.239849137018240199e+01
7.981336452964910677e+00
-1.533517785842199110e+00
1.086623197333399737e+00
6.665553472819247816e-01
-2.256144967337372798e+00
3.809860344418779743e+00
9.325198654266097620e+00
9.132802935890595109e+00
5.454171905013794230e+00
3.157952677195783320e+00
9.663214265329395758e+00
1.099557277708730396e+01
-3.369250885364158954e+00
-1.124216635170680689e+01
-5.943807032569625726e+00
-7.137140086108608727e+00
-1.325484814864282690e+01
-1.129323915900489794e+01
-2.587402994677955093e+00
7.749795247038452572e+00
9.614811559583261058e+00
-1.157301263690307280e+00
-8.257427135015300124e+00
-7.614582933291206501e+00
-9.477883856359783366e+00
-6.955832466407943393e+00
-4.579031893467693237e-01
-4.469432928719779596e+00
-9.223685605146082267e+00
-2.276705436325331178e+00
1.953014259397805930e+00
-2.615738256792827343e+00
-2.577710887847878496e+00
2.509035921022325866e+00
3.715355661987514324e+00
3.174923931107731079e+00
4.001738250993345236e-01
-7.043292553454707061e+00
-5.162844838976331729e+00
6.123994617534138207e+00
3.218653591485170828e+00
-8.484561764530308636e+00
-8.095706463574877887e+00
-4.857868202319465922e+00
-3.015620474960664765e+00
6.217096262544478336e+00
9.268375992516734385e+00
2.263414903341456785e+00
3.165716266831276826e+00
6.927195153313258302e+00
9.485238748198980829e-01
-5.980374410146223951e+00
-6.425263425772000048e+00
-1.215018650740448791e+00
4.750477451333642520e+00
3.703686300369822604e+00
2.177986197435702209e+00
5.024185745611716492e+00
-1.671754920527957822e+00
-1.286468615467358134e+01
7.920022761964370162e+00
1.154893474743649762e+01
6.924326751898751020e+00
-3.139453337003453193e+00
-5.760887653567355216e+00
-5.597114376462302587e+00
-7.628480395842549555e+00
-4.308173793554264108e-01
1.065141969215334328e+01
5.604808660309968715e+00
-3.862829399071058489e+00
8.054732970092910449e-01
2.332681206177392497e+00
-6.091291146149268698e+00
-7.066080340626800904e+00
-6.964161416799909077e+00
-1.177326022872347622e+01
-7.456932683485907987e+00
-1.193532285494010914e+00
-5.033210634838763298e+00
-9.058650926522224367e+00
-5.917497619601871151e+00
3.717043775753839263e+00
1.026294448259606007e+01
3.735552366103133792e+00
-1.197379327745314193e+00
1.716704691928247595e+00
-1.456921328752641021e+00
-1.981729062080416881e+00
2.861103612607045932e+00
-3.238830221862562198e+00
-5.259837949253560296e+00
7.032723218168326795e+00
8.987798351997604129e+00
6.760387100043472319e-01
1.964687093039499732e+00
7.184936062702890425e+00
4.468257085521369021e+00
1.955108816368528402e+00
9.194394881948859677e+00
1.172169949851257087e+01
1.577750434626468135e+00
-2.466661041080772776e+00
-1.695160937010739222e+00
-3.603267353051438082e+00
5.724144918837465568e+00
1.249919366326270875e+01
2.911624806055905346e+00
1.376006413014414953e+00
5.982893580681926338e+00
1.464098198876709667e+00
3.816008720802988030e-01
-6.150228652302813792e-01
-7.487873249177572355e+00
-6.787747264055555618e+00
-5.045848670293780813e+00
-1.032710569010928836e+01
-1.163721042467237154e+01
-8.802156623877321451e+00
-5.293024280754067057e+00
1.830634841635824905e+00
6.595356224418124746e+00
3.640540474620812539e+00
4.188969080529902911e-01
2.088601483957853500e+00
-4.219255521866616121e-02
-5.682738097871983030e+00
-8.927066034197599365e-01
6.318464248067306777e+00
3.083138266169998865e+00
6.718537452753663430e-01
3.764461409588655272e-01
-1.648472914349541796e+00
2.476830235142516656e+00
4.035965131457305510e+00
3.558486607655000356e-01
2.647655852962978784e+00
-3.735575865045914767e-01
-1.013225392758214127e+01
-1.042602898478133788e+01
-6.282747458504361227e+00
-3.541412892712757721e+00
-2.737304425048740608e+00
-4.283988354460236181e+00
5.491103036851151309e+00
1.482499151798957016e+01
-2.210464594453813270e+00
-1.936378064410384070e+01
-9.049131042282013482e+00
3.610481885007370551e+00
2.858689025961231422e+00
2.869515144605220947e+00
3.311832052842551999e+00
-9.595288619083097714e-01
1.417657238345751747e+00
9.067522752360082094e+00
6.228899401515622714e+00
1.100942123008863405e-02
2.630578914806076973e+00
4.671107191439453743e+00
4.000964095484116356e+00
6.045932243340982559e+00
4.721103251310452720e+00
1.572012826243495587e+00
8.520896414267142838e-01
-1.047096105400789012e+00
3.068433093718776927e+00
1.361746976398677234e+01
1.137563725454473662e+01
-4.634155029831271477e+00
-1.584704402519030708e+01
-1.484251662360954427e+01
-5.543601337908301119e+00
2.556150540850268715e+00
2.982429166858486802e-01
-5.964446336446752817e+00
-4.668450376326410911e+00
-2.322178199787384933e+00
-7.663728963821367479e+00
-6.754883055589750995e+00
4.612016136969259605e+00
3.449487423906306471e+00
-8.432726816287253513e+00
-7.028138614341831847e+00
1.656960119319449198e+00
3.293983490383293855e+00
2.605595551773934204e+00
1.948063547925420469e+00
-1.596010285788365790e+00
-5.474199255049775559e+00
-1.080413395620644312e+00
1.014575071528071781e+01
8.661810960368597989e+00
-2.315187988582407819e+00
1.145181031970492924e+00
7.296564421073305162e+00
-1.595384998879456617e+00
-6.530198240560173062e+00
1.437160414927449059e+00
6.732131647002839614e+00
3.272240210703795782e+00
-6.224362791669064698e+00
-9.686064953868434912e+00
5.585019430385078643e+00
2.050897457721347195e+01
1.671047843581358450e+01
1.178091315421575302e+01
9.969898140039385126e+00
-9.358771833334347257e-01
-7.438061756138868219e+00
-3.519434216835360729e+00
-2.349708168633010352e+00
-2.574800543768215544e+00
-2.745755622594662881e+00
-4.447178896367578460e+00
-4.180000909431544898e+00
-6.304506947955419882e+00
-7.112980433591751250e+00
-2.171837611594560791e+00
-1.941454163163444102e+00
-3.710566715225498857e+00
-3.068982568546162248e+00
-5.247481747127881846e+00
-4.826915825864656284e+00
-4.390711852965203832e+00
-5.749467431094918979e+00
2.360495233145676330e+00
7.216143278671762751e+00
1.703587669883583899e-01
-1.520129239484498740e+00
-2.702742530658968079e+00
-9.108202498516478229e+00
-6.087405894785931082e+00
5.675283424704269386e-01
1.464474917770031581e+00
3.060899506749930943e+00
5.382749448561106931e+00
6.786900170650859820e+00
5.246495943213426827e+00
1.183336620493134372e+00
2.341487322381675895e+00
-1.130667602239386671e+00
-1.209375386723839796e+01
-6.061528070450081351e+00
6.512239165327943446e+00
-2.801809367998345568e+00
-1.337666555270207347e+01
-5.815292957768961379e+00
3.600755990666610451e+00
7.680627619163113096e+00
7.365844190299331018e+00
4.456811070105271000e+00
7.611087965925650067e+00
1.024400290667488989e+01
3.617456421827902613e+00
-2.087998746816348117e+00
-2.002853777853249806e+00
-1.144968384833212838e+00
-6.062204816583030009e-01
5.187782180082098904e-01
5.903403468221184447e+00
1.329828890020472087e+01
1.230143136090213929e+01
5.795484059104893504e+00
4.902188399293598842e+00
5.924709827025649744e+00
1.383186271433292092e+00
-2.775021195189081524e+00
-1.052442105725204691e+00
-5.556170101767383684e-01
-3.485087434599388967e+00
-2.462000276073064597e+00
-7.382614457258718232e-01
-4.082377671025314569e+00
-7.162696594483748846e+00
-7.889417591103420335e+00
-6.735996334852343281e+00
-5.366599289703883002e+00
-1.026275150203749575e+01
-1.240558942648964980e+01
-3.566815826054588356e+00
2.476770074650023190e-01
-1.851683886094582121e+00
2.074937578691903539e+00
3.188397049849747589e+00
1.839238254474317102e+00
2.240986314545754254e+00
-8.097249682563511186e+00
-1.480150741446201224e+01
-1.539395023768656223e+00
4.344896075792567203e+00
-4.918534652940733665e+00
-5.320508014234874850e+00
7.912598304214846223e-02
2.371307744980846621e+00
7.232953505450595344e+00
8.012366761789213143e+00
2.752517750066736824e+00
4.935156161316302637e+00
1.102205469119261494e+01
4.118518025514585013e+00
-1.186491168717391886e+01
-1.499838593286847122e+01
-2.703276037849404734e+00
5.767422885283480127e+00
1.023548086897720921e+01
2.035078302782119408e+01
1.877085729190775254e+01
-4.632147792376786199e-01
-9.897768506230029573e+00
-3.474652480862411075e+00
1.440254922482870903e+00
1.992216834658603108e+00
1.373858096733954426e+00
5.481150461417749753e-01
-6.686537873098803431e-01
-3.977677837307610709e+00
-3.257614850509483961e+00
1.855496671557760990e+00
2.994601909801497541e+00
2.544180910291460318e+00
1.347123408376656339e+00
-1.738886899954668275e+00
-8.842102135691694009e-01
-1.778035420442511061e+00
-3.374664624880033159e+00
6.789629413597258356e+00
1.230589790327831423e+01
5.899009809108015645e-01
-7.720614359676487126e+00
-9.848579538065454386e+00
-1.375675278923820244e+01
-8.128497436976941160e+00
3.269810304507968723e+00
6.800328766221194421e+00
5.478177237653532927e+00
2.804046165595917017e-01
-3.925100953791464065e+00
2.500872545641480205e+00
3.039574590377564611e+00
-1.132697416121520106e+01
-1.342503621197132624e+01
6.050041080510695224e-01
2.664720864532234224e+00
-6.809592019903035975e+00
-7.489572330203044359e+00
-1.161441208129287972e+00
1.044150816242686020e-01
-2.581981152552939474e+00
-1.661691855755066172e+00
1.955622852412200352e+00
3.261493835975035172e+00
2.332680569915977387e+00
2.958615484814695051e+00
8.735174308143474065e+00
1.168547524555301642e+01
4.845905970666098739e+00
3.339384119587774702e+00
7.502332277142297556e+00
2.851049645907220320e+00
3.024146308836455077e+00
5.860365967274438148e+00
-5.392537367087702371e+00
-4.072038049086390998e+00
1.059642757324057349e+01
4.187007855752475471e+00
-3.149103145046032282e+00
2.946024841398683591e+00
-3.552004187123938728e+00
-8.758284768283518318e+00
1.182462714473864196e+00
2.779004186471324189e+00
-4.598150107548501175e+00
-8.801383182327146670e+00
-7.799503538521090462e+00
1.095746136087374367e+00
4.266830422105584830e+00
-4.880212778998804346e+00
-6.353680316778816284e+00
6.704805101085746788e-01
-6.541476093528260094e-01
-5.617752973996332777e+00
-4.199107718963922764e+00
-2.865311717676283898e+00
-6.726922284226840354e+00
-7.305970306632817213e+00
9.786708604477833973e-01
9.843234173525038599e+00
1.019395366043220186e+01
3.920982249297949807e+00
5.417722736176031617e-01
1.619983256253465065e+00
-2.637136978850674218e+00
-8.853049248432613538e+00
-3.597754069869910865e+00
5.428188950287355929e+00
3.307796841914157238e+00
-4.225014704323236003e+00
-3.953741365204749059e+00
3.560521141517419164e+00
7.032293509772035378e+00
4.361821052757980155e+00
4.426379094944099535e+00
7.749812067981758368e+00
8.203059298269266719e+00
4.154823791046537096e+00
-6.869951184103544328e-01
4.584607417377180028e-01
5.156376264964337430e+00
5.704366774781816751e+00
4.680734266872093485e+00
3.993484008637850025e+00
3.042905468871275332e-01
-2.762719242465325298e+00
8.931335733287699696e-01
8.240866164533997562e+00
6.402196293348231038e+00
-4.795879069995502064e+00
-6.318863024342171286e+00
-1.814417463146368092e+00
-6.889067444401306695e+00
-5.805876828919579680e+00
4.119071057739393638e+00
1.934452760670910543e-01
-6.584774225851427687e+00
-4.110461953511380884e+00
-8.399776086538381037e+00
-1.114150631846483641e+01
-1.711452944109958629e+00
1.049116711149450154e+00
-5.553050708981009720e+00
-8.980341406239885416e+00
-4.228419333772878375e+00
1.035461839249747840e+01
1.658141941562629995e+01
3.785711582222243798e+00
-3.067332850430656066e+00
-5.966362529886488630e-01
-6.517124154439891903e+00
-7.613127587807161589e+00
-1.141886002442685566e+00
-8.010836948116111245e+00
-1.396039600729347363e+01
-2.799452279230953522e+00
7.752994362836540532e-01
-9.203992482148699139e+00
-1.132780439499402725e+01
-8.049209573806734852e+00
-6.655155184052137685e+00
-1.051993487911284220e+00
4.133698425267337662e+00
3.888582981846242959e+00
2.579035154302592225e+00
1.637669165255076109e+00
4.638843418102118754e+00
8.836510291223770963e+00
3.932572313476676129e+00
-6.770789725895696165e-01
5.487395875990622507e+00
8.618398618922178400e+00
6.811136879697958335e+00
1.003927513824232598e+01
6.151944828207982496e+00
-2.905793447606825453e+00
7.532531321634239774e+00
2.440597365836385890e+01
2.288457481763854418e+01
1.617070293625164012e+01
9.543163552938409566e+00
-5.152397709848164808e+00
-9.212834507477655421e+00
4.119757600728487290e+00
1.108243541203644256e+01
8.973811262582055193e+00
1.271636373629575267e+01
1.452743311490262101e+01
7.878004850818878246e-01
-1.738537036463918639e+01
-2.309103071889608216e+01
-1.725101879698241092e+01
-8.938435062277665821e+00
-6.476639611285722964e+00
-9.395447604292911592e+00
-6.354105805280902075e+00
8.580709319866137719e-01
1.192177269229834025e+00
-9.651677188728198242e-01
-2.287908235437758897e-01
-1.469788416171019740e+00
-6.078537092098731165e+00
-8.412954470167580467e+00
-6.433472287014799562e+00
-7.510159241993587642e+00
-1.038411161007132222e+01
-5.107052983707092153e+00
-7.544417956821014570e-02
-2.272246116808209315e+00
6.841456202163267442e-01
5.506226982995844565e+00
-2.111060628123190952e+00
-1.397670496131382478e+01
-1.551123814603444373e+01
-8.127888703633992407e+00
-2.770471618079910492e-01
3.202878711371110576e+00
1.931436028672707472e+00
6.004828925675695928e-01
3.809726558056558687e+00
6.240185012630510286e+00
4.029082586949311207e+00
4.310061283866997606e+00
8.475431537355808231e+00
9.335627449326363347e+00
3.035973122167165528e+00
-5.159485158161745133e+00
-3.221046134843266628e+00
6.022074203358601885e+00
8.555746090706248808e+00
7.562671587472617141e+00
7.376405719494293578e+00
5.452479278418218556e+00
8.023848801179335410e+00
8.595165616491552640e+00
1.141010173905001146e+00
4.384421889674235295e+00
1.249283706653833903e+01
6.880552411625266984e+00
7.474923489039525748e+00
1.620481742955693960e+01
6.626855423201718942e+00
-9.944446052082994925e+00
-1.698442186159003953e+01
-2.038255680598375363e+01
-1.473544582214370280e+01
-5.306174955031481844e+00
-5.431676295368285778e+00
-2.541999966768562658e+00
3.938013373109865878e+00
6.380635378736787544e-02
-1.174855610445770360e+00
4.608299194321341830e+00
7.878004460144500953e-01
-4.462656669497973461e+00
-1.016195032569634282e+00
-1.538003939343518311e+00
-5.453815913744922916e+00
-4.248535903912028289e+00
-2.699598139910058592e+00
-2.013257635502588627e+00
-2.404698999115161051e+00
-4.404901454581082731e+00
-2.817818838877998999e-01
6.036401083543464274e+00
6.736939484399680822e+00
9.114641825547435516e+00
1.123430613061813332e+01
5.297353792012697404e+00
-1.980195870037191774e+00
-5.760387953370482705e+00
-5.642444778147889473e+00
-1.585121614305478044e+00
-1.268552357975174516e-01
-5.215699579568857658e-01
2.143519377384127900e+00
2.824101321089301564e+00
1.376519125360291085e+00
1.496805614411622187e+00
-2.448654718249227535e+00
-7.497880202767279734e+00
-2.366450960467669340e+00
2.829138091770659891e+00
-6.089046848374312759e+00
-1.389668684196179171e+01
-9.011722650848398075e+00
-7.396044191998401018e+00
-9.631307769917222927e+00
-6.618792521500882486e-01
8.577981766513556039e+00
3.952634203871594920e+00
-2.198873352955131644e+00
6.124030348793434442e-01
6.977158152669231228e+00
1.141320814935537342e+01
1.066287533348431005e+01
5.764820899309428981e+00
3.738212400087503440e+00
4.690333084643770079e+00
4.742474899912799913e+00
5.853127432635177207e+00
6.911510536958179074e+00
7.026739906953769932e+00
9.732082614900974704e+00
9.845431364445923705e+00
4.473416436133422103e+00
3.569323241563948201e+00
8.196385643297015022e+00
6.492410288958047282e+00
-3.785005655568541627e+00
-9.406042361681869579e+00
-4.881742075175309559e+00
-3.466454593774128234e+00
-8.515806027870501893e+00
-8.101201672722634584e+00
-3.432489914630455274e+00
-3.753005070882101890e+00
-9.439076944834877025e+00
-1.534193490057764464e+01
-1.435732132014257623e+01
-7.887862177762803739e+00
-6.200385151212353563e+00
-8.671191091969536302e+00
-7.655932497668429093e+00
-6.574646867073073331e+00
-9.111051176562510179e+00
-6.684740817981914773e+00
3.370557053808169723e-01
-1.302564345116032030e+00
-4.127339140756905778e+00
7.126891904337700367e+00
1.794334625447279308e+01
1.367041105449820648e+01
5.550034670333131359e+00
2.394961049771872297e+00
2.958499791415913904e+00
2.848323843853933113e+00
-2.009966642329084507e+00
2.753421490681162709e-02
1.503461046971652237e+01
2.173206687170659990e+01
1.111912451711514649e+01
2.140411325012683275e+00
6.137029581421227675e+00
1.233773722774798287e+01
5.280367711794493601e+00
-7.501213983639344107e+00
-5.362092941004330982e+00
3.911947565604973143e+00
3.918702146460428803e+00
2.603331392696188296e+00
2.882125594401322211e+00
-1.813195050610993952e+00
-4.017224613705823622e+00
-2.324342536446296847e+00
-8.849738197976074972e+00
-1.804431481116063196e+01
-1.309147526012970886e+01
-3.606363642163864291e+00
-7.740472445010288638e+00
-1.202312327639809197e+01
-5.317728353118753581e+00
-3.269003281942662653e+00
-2.929029395903087973e+00
6.003962222519991343e+00
4.686674076636855091e+00
-1.051496916968408435e+01
-1.389416447961343692e+01
-3.461230318308733622e+00
2.067522311563372295e+00
1.344033883608140467e+00
1.675472238694307947e+00
3.308540952376826993e+00
7.411028590458660581e+00
1.143828026618883165e+01
7.773610001019990889e+00
3.972738799336865689e-01
-3.468995791602397016e+00
-2.164118872817645922e+00
8.245923466601185581e+00
1.408334398834154655e+01
-2.018172589587203802e-01
-6.751097833676451998e+00
1.188216224904219764e+01
2.044235139475708252e+01
7.417210966492786106e+00
-1.614063471524740168e+00
-6.810035321986022794e+00
-1.498295893628300135e+01
-1.292659064158945803e+01
-1.244276667815104709e+00
5.979837467276292173e+00
3.230678410694048708e+00
-6.894509058992893458e+00
-8.407245482915140400e+00
7.308055960885292635e+00
1.727854147728687195e+01
9.087984864937395102e+00
-1.313485838098877423e+00
-8.154873693105301413e+00
-1.072049741723354543e+01
-6.270770706759524415e+00
-6.668745853084590891e+00
-1.245434681533762067e+01
-8.253808079072975090e+00
1.271491652744829004e+00
2.872676143575331853e+00
-2.691771706742154713e+00
-9.829747881931547582e+00
-9.165697124773249271e+00
4.832412894589303676e+00
1.586891534582908037e+01
9.002683058527992443e+00
3.646897678068992121e-01
4.554490198276224255e+00
6.964964907710514908e+00
1.052361830551804545e-01
-5.827410396751413479e+00
-9.231781559118616087e+00
-9.873179031089701851e+00
-5.604862672895784215e+00
-1.528952288333020437e+00
2.150352108544300478e+00
3.645672566118106417e+00
-2.513180177694107176e+00
-3.333618879046472472e+00
8.164570318722727649e+00
1.210645921049742491e+01
5.988721149611843764e+00
5.939464149909834845e+00
4.516905464679697779e+00
-2.691201556713482823e+00
3.231651672747595683e+00
1.388861226075366595e+01
5.892061654354836087e+00
-3.629705492707257619e+00
-1.412058879066650618e+00
-9.274821558136785882e+00
-2.099707658924528886e+01
-1.411566688110328194e+01
-3.856814178143839200e+00
-1.146421971939445505e+00
4.202133675244366096e+00
5.694991387703326247e+00
1.566867692712294424e+00
3.847640424896670908e+00
7.671909906681605662e+00
4.913254065454149000e+00
-5.282873178269129610e-01
-1.169590820997504999e+00
4.950120862243011288e+00
2.120535312199826272e+00
-1.016232027425994389e+01
-4.701168538369373984e+00
6.802503707408636302e+00
-4.457929401728472740e+00
-1.102042746218233660e+01
3.110828811025768026e+00
3.349475362815264035e+00
-4.581424518688459457e+00
9.226452803085660292e+00
1.961034564155579574e+01
4.750129099789470288e+00
-8.487876937067815319e+00
-8.686090917242257348e+00
-8.414104375080828646e+00
-6.437832744981133892e+00
-2.301359976107183236e+00
-2.152427668584592002e+00
-3.931838975441580342e+00
-4.248950568158607943e+00
-1.337764937702875301e+00
-2.270535716493551348e-01
-7.658136544028824488e+00
-8.493506177888241027e+00
6.264304144335076430e+00
1.241593921983722026e+01
2.341911240975794506e+00
-2.598946724674029873e+00
2.130435529378231774e+00
5.212789838375583074e+00
7.446838761469911638e-01
-9.792061274859754860e+00
-1.604203963381893416e+01
-1.079627856137144093e+01
-1.246480468202760150e+00
1.948326252196229902e+00
8.571595156949287642e-01
5.725349652318181271e+00
9.575568304510081674e+00
3.508370454357685908e+00
2.115853872243956602e+00
4.486279215562035461e+00
-2.247436756084095322e+00
-2.153614776907929240e+00
5.433564138109979069e+00
4.858416333068504400e+00
1.005565316078820537e+01
1.247975743854810560e+01
-7.941816028001519534e+00
-1.812101744585154606e+01
-8.410069790500056541e+00
-6.481155945385307149e+00
6.655489210826462276e+00
3.107846861926680049e+01
2.111540103383635625e+01
-8.237484303607903513e+00
-1.700573807067581811e+01
-1.365547391012502132e+01
-4.342244055981904438e+00
7.604768486808881178e+00
3.819747861131556732e+00
-5.545164723776972338e+00
-4.247364451399136875e+00
-1.865515124866651941e+00
-1.955177516284511086e+00
-9.807867431782200107e-01
2.327842539968624891e+00
9.969948221464402849e+00
1.120189755970900158e+01
3.617430631821489939e+00
1.798486083515106193e+00
1.214724288640720573e+00
-4.647608946365618721e+00
-4.564384345154238964e+00
-1.453847366014796805e+00
-3.836618505059625761e-01
4.933109631831428032e+00
2.980390651050950801e+00
-1.143761178901949549e+01
-1.555673021769094788e+01
-6.065125429222835152e+00
-1.720311740112268950e+00
-3.259393946501962347e+00
-2.123204360279188130e+00
2.230880160587023653e+00
5.402485335593494753e+00
1.820125013140846626e+00
-4.633405849326978299e+00
-7.316955209330649801e+00
-7.211006365885960889e+00
-2.386119542406992533e-01
-9.535466743743739926e+00
-9.356778762711613240e+00
-6.015785603457075581e+00
-4.377430950742393634e+00
1.868735985667191457e+00
7.376989370856261274e+00
7.004677046154557551e+00
5.933245756042785146e+00
9.049923800896968018e+00
1.104783232465354281e+01
1.973917825772357304e+00
-7.356069464574231276e+00
-2.867735881355923055e+00
3.201719931285652798e+00
3.976864396626619502e+00
4.455315357813383059e+00
7.629648521428391561e-01
-5.336403527995381424e-01
4.931900762262370286e+00
1.865985971405118793e+00
-7.912815436516185130e+00
-9.579183209896996232e+00
-6.229265556393642100e+00
-2.920772700337364913e+00
7.759911184884868973e-01
3.441037213807629058e+00
7.034332759756576792e+00
9.507467255668860417e+00
4.389039326072505354e+00
-4.087109918040294332e+00
-1.022747535628924176e+01
-1.678482901521677917e+01
-1.843670706620514466e+01
-6.532205533425290866e+00
8.079425888647840281e+00
1.280173223040927510e+01
1.238403069619382180e+01
8.546566324743423593e+00
-6.427712880852549659e-01
-6.629260838546566781e+00
-4.437774624720027816e+00
2.235124968998195794e+00
7.886954453261601827e+00
5.390682830877311815e+00
-2.861363669207599436e+00
-6.317575780008898079e+00
-2.206727748013004753e+00
2.996275235817892124e+00
2.200738780201166200e+00
1.357762392017765274e+00
8.281199259703114990e+00
8.016028019320522446e+00
-6.240214729473581912e+00
-1.183066874512762823e+01
-3.913225811622629280e+00
2.871185150798822860e-01
4.581424452439604167e-01
2.754535982927420967e+00
4.619546815447841404e+00
3.750615183566743838e+00
-1.947760567442050395e+00
-7.212941904739410326e+00
-3.361963008180008927e+00
4.196630354101820615e+00
1.004003038573515383e+01
1.168620189608985172e+01
1.021348749525435640e+00
-9.718605135524118310e+00
-5.273016226470053525e+00
-1.372304856481979307e+00
-2.817587427204673922e+00
3.319801284984005729e+00
7.043791594259039890e+00
-1.177833479859656141e+00
-1.132425606161115184e+01
-1.463736757821304479e+01
-1.075793322635989568e+01
-1.004380404651150371e+01
-1.463113364552189033e+01
-9.562080119592071270e+00
3.050357484814774089e+00
7.779399209204512111e+00
5.524359384374666782e+00
2.832554253811645495e+00
2.019794562357003720e+00
5.658955650214178235e+00
1.075686636153428211e+01
9.413927695946677332e+00
3.124232783182763207e+00
3.581232330655957696e+00
9.244189686491377955e+00
7.061319636263283961e+00
7.239819304950847467e-01
-6.822789144629499702e-01
-1.760745676340649268e+00
-2.944198616707099259e+00
2.137966757415823427e-01
-1.303107732662734941e-01
-8.746357498171747125e+00
-1.446524530730248514e+01
-1.209868670083371889e+01
-4.434693489170821401e+00
1.135475516057899981e+01
2.098841962837723685e+01
8.226641280184349370e+00
-6.245066210238165993e-01
9.543640349286153679e+00
8.871451807400084988e+00
-3.474082239598656585e+00
-5.699178707239011210e+00
-7.257551613497209786e+00
-9.862477838020010878e+00
-1.498324097620975515e+00
4.227728366911088997e+00
5.296985888506888784e-01
1.509203008865128037e+00
3.293817698379655212e+00
-2.380386594718265414e+00
-6.365808959158561819e+00
-5.924331092144853095e+00
-6.314435565742957834e+00
-8.052047177338295114e+00
-1.155211291572211962e+01
-1.135284810097973107e+01
-3.684102286655459579e+00
2.063475078681458186e+00
3.873263515626610420e+00
6.048051150100661744e+00
7.333980851125681433e+00
1.241628628799599632e+01
1.603185462054698718e+01
5.729159797817183986e+00
-2.354183650110095449e+00
4.066204885353211118e+00
6.187565698841236639e+00
1.538932992679941769e+00
2.426519032248006802e+00
7.377977976892702294e-01
-5.479211905210668476e+00
-1.182244819206692776e+00
7.420855481897280725e+00
1.465460302036124762e+00
-1.048316773905348498e+01
-1.016648876335000296e+01
-4.358735364034076909e+00
-3.322911656251379853e+00
-1.434988947462245035e+00
3.633846939883156324e-02
-3.808228297950906338e+00
-2.149456212466668514e+00
6.468857157924130519e+00
7.025414920440518074e+00
3.769080738765387295e+00
5.623661594377157513e+00
-1.128093063302604282e+00
-1.329054308486183444e+01
-9.524226122756783042e+00
-2.432721088808595944e-01
-2.287807339598177059e+00
-6.078508017338972280e+00
-7.648422855522348129e+00
-8.446609419225648452e+00
-4.012555515790372951e+00
-2.631508808593157500e+00
-5.491074459556982035e+00
-8.915122802137691593e-01
1.704642561569405412e+00
-3.302918158944987859e+00
-3.035934239766300280e-01
4.740302469868209911e+00
1.039775279545762876e+00
3.502625016468450703e+00
1.186197017532896680e+01
1.197943008650833363e+01
1.200739545464569957e+01
1.229515765970529984e+01
1.711873897954879098e+00
-2.370939972659491968e+00
6.448235663672635454e+00
2.040773558018625700e+00
-6.008211758697286520e+00
4.982338864483502050e+00
8.001295529768027492e+00
-4.847409068193329951e+00
-2.899899780130548166e-01
1.087923099724187814e+01
2.828211169230678834e+00
-3.776311126195766477e+00
2.655180656415993212e+00
5.312442739264118252e+00
2.223923381032942626e+00
-3.908009586274817870e+00
-1.281888735378938549e+01
-1.183791896352293271e+01
-2.357871635653734366e-01
3.783635386843534398e+00
-2.344311004924774178e+00
-5.679343273675343973e+00
-4.514014007477717527e+00
-4.000517844034571446e+00
-3.896649332067402938e+00
-5.771373021921271551e+00
-8.748084929569214907e+00
-4.022922483454153486e+00
5.005902376047414393e+00
7.684436480468576747e+00
8.884813009072209056e+00
8.266684496108844371e+00
-1.798613747651434114e+00
-6.533839865022240012e+00
1.984845007014623519e+00
2.946596679145144115e+00
-6.680613908059010342e+00
-7.420966776842652379e+00
6.884081635772556496e-01
3.135717732632443244e+00
6.960073494011735917e-01
2.531237473026916263e+00
4.998946048927818353e+00
1.392788198552334489e+00
-5.140756569687219724e+00
-9.479643990396933617e+00
-4.759643928895974874e+00
7.325496549950574199e+00
9.681362833882939611e+00
1.365510411222626175e+00
-4.777121933298921874e+00
-8.252189601951355868e+00
-6.227114493504203097e+00
-6.581746501804657257e-01
-3.059027141246734693e+00
-3.849736334107198843e+00
2.398095775216872561e+00
1.238566364625893312e+00
7.497570949333551837e-01
9.659761565810054407e+00
9.940147310570310424e+00
1.118016404752128157e+00
-1.801899640496945842e+00
-3.411013005264160736e+00
-8.444966042375252613e+00
-1.011734654696607372e+01
-9.304409355234568579e+00
-8.559737438612748051e+00
-3.102609336138206331e+00
3.848285665435358993e+00
3.696861868542276497e+00
2.124116601832216844e+00
7.922976184219505669e+00
1.312088091048934224e+01
1.009341052199505739e+01
8.030523998990783952e+00
1.112293708803045789e+01
9.567886934144029354e+00
5.047766191291065851e+00
6.411446086540405709e+00
8.977353828615617815e+00
9.072505366634311841e+00
6.902875954320691676e+00
-2.697650250470673416e-01
-3.760720252875128899e+00
2.395451213640436006e-01
-6.017776667783385491e-01
-4.517972318158816059e+00
-5.146457358217717548e+00
-8.232388503959032988e+00
-1.066575739922958732e+01
-8.031027515352780810e+00
-3.229487146657242125e+00
1.109516095796385216e+00
-2.666444787803371241e+00
-7.836744926560774260e+00
-3.171299857077283235e+00
-7.039762531532775647e+00
-1.803949087102831328e+01
-8.006979157767000643e+00
3.797881181114957982e+00
-4.686378879368774619e+00
-3.643911589128409734e+00
9.212042907265123759e+00
4.067334861873861840e+00
-6.293006888722081804e+00
-2.396335977111431870e+00
1.535862311863395835e+00
2.246950470014669854e+00
6.404261617553525632e+00
3.329544180169103917e+00
-4.648226898650870353e+00
-1.946566478402613320e+00
2.796717144668309452e+00
3.170169084284724104e-01
1.049576919759829252e+00
3.573912679883604504e+00
1.731861977883713877e+00
1.470460755905774519e+00
1.278286168123734079e+00
-9.243417860400955366e-01
-9.293079975955427230e-01
-9.723829728399682182e-01
2.671256645164316712e+00
1.124820098253133871e+01
1.056548539815404908e+01
2.276689052907329369e+00
-1.685753809517353208e+00
-4.713513316233925998e+00
-5.651018486286860210e+00
-1.861867811720230748e+00
-1.685731048062365955e+00
-3.188132500438234374e+00
-6.174681683901797058e-01
1.845736946925779165e+00
2.361659488659114459e+00
-1.335531585055740322e-01
-4.807734915450070368e+00
-5.552565591348644247e+00
-3.146791241703811970e+00
-1.820837849427023869e-01
2.905854994214417175e+00
3.462295524593751228e+00
6.351079591740661279e+00
1.134864783414181133e+01
6.017457857008489341e+00
-2.394377124141706226e+00
8.763144049416745629e-01
2.738607451326989128e+00
-5.004925535893342214e+00
-5.178068705016007023e+00
1.438025601049199187e+00
-2.102145608052348180e-01
-1.086180174909425755e+00
4.183215894926566314e+00
2.303898984433858210e+00
-3.783508678617319987e-02
5.699199646048467294e+00
6.227404433852486321e+00
1.849147174095211454e+00
-6.498216057817143287e-01
-3.856393349617573740e+00
1.946565294479358776e-01
7.224052629533270320e+00
2.890827429374691171e+00
-1.044980428397453309e+00
-3.883806107227885107e-01
-6.196421500894423673e+00
-8.613208719404770619e+00
-5.630468366582931594e+00
-9.318378266364465645e+00
-1.049582876994983849e+01
-3.779833589065069610e+00
-1.868542172858467021e+00
-3.760079313465333861e+00
-3.029044813778693168e+00
-4.005428820544748802e+00
-3.744157406855036285e+00
1.428474515348785889e+00
8.440176543690156574e-01
-4.683509428476882341e+00
-1.624330703253519026e+00
4.128737160987690835e+00
2.680006043663342385e+00
3.936026790302383782e-01
-1.632077607761418525e+00
-4.663115266220888344e+00
-2.975874822849995383e-01
9.830304101271932993e+00
1.191948740611748470e+01
3.154127394892098479e+00
-2.646476386885892929e+00
3.964311727074857128e+00
1.072754764454932186e+01
5.425870623169332774e+00
-1.529804007699207880e+00
3.653140390972167140e-01
5.566063860690887211e+00
7.828477316989772561e+00
7.571229194531404971e+00
7.294417221478816771e+00
5.185395975006466429e+00
-2.655626618517168858e+00
-7.059821841138826493e+00
-1.217871956942054190e+00
-7.178630355455339895e-01
-6.593394710810979831e+00
-1.285719886173441573e+00
3.223219433105476206e+00
-5.501600295991578626e+00
-7.852727241022518179e+00
-3.397016196470541427e+00
-6.729452504241116628e+00
-6.751116412601446903e+00
4.944191908893635912e-01
7.831114443282665150e-01
-3.870712791458731594e+00
-2.647876202991709782e+00
1.906371563689464921e+00
6.466474060350817510e-01
-3.110744268861370898e+00
-5.364127631258304163e-01
1.323381298314343368e+00
-1.062576985736654045e+00
8.553912865498789486e-01
1.918620409620358291e+00
-7.670326723530305202e-01
3.352905439281879119e-01
-6.541207433266640336e-01
-3.338542086835246447e+00
8.002791595012830328e-01
3.202777185548601580e+00
1.618559313394538179e+00
2.621333031543257697e+00
-1.199189726980042447e+00
-6.548457651919196820e+00
-4.750064407688103785e-03
7.010424948683573909e+00
1.914489901886707202e+00
-3.166024829482161351e-02
7.539947599257622812e+00
6.431021450519527782e+00
-3.146101117461658436e+00
-4.457936941774214290e+00
-1.717834662790764133e+00
-7.706600818500268790e-01
5.579668518101710717e+00
9.893877511742793729e+00
3.702388015383226261e+00
-2.318057951889961554e+00
-2.977038537988975886e+00
-3.407041114827473738e+00
-4.745093700782682333e+00
-5.131164617799317540e+00
-2.090460674269665642e+00
2.248892581048850481e+00
3.607718238831037816e+00
3.449203359044338058e+00
1.064359945122091755e+00
-2.725199618982469651e+00
-2.767437349838129723e+00
-4.143542089741101719e+00
-6.824900984270320770e+00
4.640847259482105969e-01
7.955882278828352305e+00
1.664372478964708080e+00
-5.024037672432397628e+00
-5.220216386432887212e+00
-6.290392612313389975e+00
-8.999935487171519810e-01
7.981342381152947141e+00
3.707857456469001889e+00
-3.060925676567190390e+00
-1.576497382871704822e+00
-3.558974531935435337e+00
-2.496672128507055000e+00
9.092344112444072479e+00
1.280375605437119724e+01
5.504571896445406232e+00
-4.897185173051878948e-01
-4.270922602212520403e+00
-4.624328654982779341e+00
-3.817739198848843607e+00
-5.398252430083557485e+00
-1.916038561244446603e+00
2.819617506349304747e+00
3.184166174244937864e-01
1.015596652414867407e-01
3.672280612071192607e+00
4.557994290490455569e+00
1.151089042918755823e+01
2.127769174525004559e+01
1.455830034154764441e+01
-3.772339110877084956e+00
-1.541941845331307981e+01
-1.450236684052543268e+01
1.181777470015628051e-01
1.153923422022101164e+01
1.051087502097168391e+00
-7.489932961012850221e+00
-3.827985960562525491e-01
-5.761876075258867580e+00
-1.617720140534705919e+01
-8.525333299039331791e+00
-4.622984984668029540e+00
-9.790917736907955415e+00
-5.128782793015360220e+00
-1.897399107207728530e+00
-3.982148402620752314e+00
9.841112849784430239e-01
1.609444464307109302e+00
-3.490284260740858624e+00
2.564706661773138663e+00
8.512562040496904459e+00
1.243383339318687497e+00
-8.604350750420834970e-01
7.152570624145003109e+00
6.828469158789220117e+00
3.293437411785000712e-01
-1.929502807181593838e+00
-3.533430390802827059e+00
7.538283239403416047e-01
1.116813350033250707e+01
1.060923308885898386e+01
3.362194609485326779e+00
3.437425466886477210e+00
3.387137105077502763e+00
-3.540392967806518243e-01
-3.040895799984298264e+00
-4.788572172501667445e+00
-2.240720981851513471e+00
5.305047800505189315e-01
-1.205274027053386376e+00
2.446313786877642116e+00
6.026800501946289579e+00
-2.800367737858596495e+00
-8.017878032110663966e+00
-9.576915363067999287e-01
3.634152165526803202e+00
4.347202809033232640e+00
1.926028403454054461e+00
-6.291268881252909395e+00
-3.988764436425939142e+00
7.154599633692404481e+00
3.895303822601643429e+00
-4.085646604596062659e-01
7.759093378943355823e+00
4.637952749104840677e+00
-5.078536839814829840e+00
-1.988542653938254023e+00
-3.828019617843114730e+00
-1.115964222099628600e+01
-6.982634556133051618e+00
-3.295816768335571911e+00
-2.332970838358155774e+00
1.215898101341752913e+00
-5.291874232703649206e+00
-1.027282985267436288e+01
-7.363326159167975504e-01
2.926286698639922079e+00
-4.695702946279052270e-01
2.278478874900823126e+00
3.241791260213244374e+00
1.781074686658226547e+00
2.212405092534522666e+00
1.394618746367616957e+00
4.105716400641870045e+00
4.278292750548691181e+00
-3.541702551819781775e+00
2.546514648906217371e-01
1.252735530591293589e+01
1.130643757894271673e+01
8.132110047289112131e+00
9.484452192488074473e+00
1.244523328674672413e+00
-5.513726019261552480e+00
-3.359267157632684686e+00
-5.310079271278159041e+00
-4.445295070159393624e+00
3.038402826455067540e+00
3.824526722357429520e+00
3.434936920403734106e+00
5.646703297838772784e+00
-5.940186430677636409e-01
-8.874187717899928884e+00
-1.050552684576053331e+01
-8.715751964568777765e+00
-2.603334959578227803e+00
1.439648861227831755e+00
-3.469279162216723389e+00
-6.572969934784643087e+00
-4.412327057766081140e+00
-5.015758523130172009e+00
-6.598946436757988643e+00
-5.683022349620727276e+00
-4.181282177750482276e+00
-4.212406387082959114e+00
-5.866710140620088332e+00
-4.903202118474299098e+00
-3.053094005954597456e-01
3.844293405839048550e+00
5.317558270757587024e+00
2.885646083060531275e+00
2.917511656598211545e+00
1.158680955426403969e+01
1.605572173151606208e+01
6.630090240745478702e+00
-4.235518422527087878e+00
-1.509864562444930502e+00
1.387005565684546227e+01
1.990061211109983219e+01
5.006300398169377885e+00
-6.508511573701134978e+00
-3.518812577697458366e+00
-2.840483824887957809e+00
-6.752835852379539539e-01
7.474068089024552108e+00
6.737987583103395295e+00
3.803269131084415555e+00
6.414147335237993630e+00
1.126934793260454981e+00
-3.242722885657946641e+00
3.693547286970288557e+00
4.041546038127114215e+00
-2.514063606951458585e+00
-4.800108325501805773e+00
-9.861685799242014383e+00
-1.265387533096583184e+01
-5.494942414430560973e+00
-3.307201250620281030e+00
-9.176386736361358487e+00
-8.499486650722063885e+00
-1.928142081206435154e+00
-2.558891122885802893e+00
-1.063329361882305335e+01
-9.218247617714361297e+00
3.998606881015786207e+00
6.101144702347403026e+00
-4.930335037541087040e+00
-7.121632861452967589e+00
-1.670385465486997845e+00
-3.296119512907864646e-01
6.930150868211182313e-01
9.791239336597588050e-01
-2.402739374151119378e-01
2.467346960516333620e+00
2.690348631335270468e+00
9.709354088289003926e-01
9.553453069948119492e+00
1.917743692152155432e+01
1.658408963900980027e+01
6.071318006444547777e+00
-6.299699254281940775e+00
-1.002041823556266031e+01
-2.151631917904646585e+00
3.706679983553367030e+00
7.903541896632339636e+00
1.190163130839338734e+01
4.292744592929690128e+00
-3.759089266548967689e+00
-1.484938982438558597e+00
-3.713215282428847352e+00
-6.584673488954709164e+00
-7.852707540023358135e-01
-2.211455729704211226e+00
-9.798435272657364692e+00
-1.009745478419957010e+01
-9.269882539621082884e+00
-4.743819142287692969e+00
6.230650469055106555e+00
8.556205656777290613e+00
5.673270308754447377e+00
5.937805581938414790e+00
2.550431567135504007e+00
1.248503938392655721e+00
1.962921397387193068e+00
-3.615986810530145590e+00
-2.837239673324538636e+00
3.208452787562684705e+00
2.670294670622833877e+00
7.202363878313699175e+00
1.129906563828633459e+01
4.091043259363287277e-01
-5.387545464569830855e+00
1.037708517203306258e+00
-2.094038437699853539e+00
-1.168332276205953946e+01
-8.462399561046172636e+00
2.492036567997022445e+00
4.825902271833485635e+00
1.473254999419912892e-01
8.117008998840802292e-02
3.821982435250029564e+00
1.721009008380479433e+00
-6.425982353546613624e+00
-8.616077499379047211e+00
-3.204592214774148129e+00
-3.333039660039986529e+00
-6.106553936278473316e+00
-1.998887466142130531e+00
2.775976210954551604e-01
1.529231759911340527e+00
6.711891931304269754e+00
1.608023654426053328e+00
-8.545883289357547596e+00
-5.933923424669300672e+00
-1.352671318687888924e+00
-2.872637918710234217e+00
-1.801502409516321457e+00
1.388799322858198515e+00
4.245227272794797280e+00
5.181922928440300780e+00
1.004751338936307192e+00
-2.906406547927801398e+00
-2.509220908229785607e-01
6.711756692321867668e+00
7.509734565941104556e+00
-2.501941390427869116e+00
-7.013216189066358908e+00
2.178157564202125585e-01
2.793512000253813632e+00
2.582591832153817712e+00
7.409436330409743476e+00
4.065574162534479896e+00
-4.799141331920534270e+00
-3.644462533126908710e+00
-2.881085370470811924e+00
-9.154814348784455547e+00
-6.980353855348242043e+00
2.160896748047536065e+00
5.808479690604853474e+00
6.755605857136268710e+00
4.476092486621910282e+00
-3.626144528800008260e+00
-7.447803589722934881e+00
-1.224030018035282552e+00
1.230412167568563930e+01
2.172920831261170349e+01
1.338784719031937875e+01
3.820173833915789352e+00
1.043208176271946108e+01
1.013450557942687880e+01
-5.841738951183788942e+00
-1.427613265410371923e+01
-1.317449780575838503e+01
-1.126285272510009072e+01
-4.443003932340554130e+00
2.023071410202965659e+00
9.499662604733760674e-01
2.005139481868333018e+00
6.323329648973112782e+00
1.010822566988981652e+00
-5.619024511007610911e+00
-2.728391269205796998e+00
-6.041955677591638540e+00
-1.139769967998189770e+01
-4.878534181208760145e-01
7.474142082057742442e+00
1.907946191232868571e+00
1.317991704125490493e+00
2.816854245840051618e+00
-5.658938965549449307e-01
-3.280249184744148394e+00
-6.832610729638737723e+00
-7.288297221744603149e+00
-3.244500057021335593e+00
-2.105912694990049072e+00
9.352307455047038642e-01
5.923678248162397963e+00
4.263660788518229161e+00
6.340673714608306977e-01
-1.226038721706644630e+00
-2.258993653280227054e+00
-3.164827215208558808e-01
-5.542291655645463777e-01
-4.574602201491948961e+00
-5.130753466743797730e+00
-2.864353195268553698e+00
-2.260559399967907890e+00
-2.610436689905548224e+00
-1.564964442617782225e+00
-2.029215769052714613e+00
-8.120260418919807321e+00
-8.939455715454247553e+00
6.912007582610171230e-01
3.480199051193927140e+00
1.382150700475491378e+00
7.213624394199078971e+00
6.928178446817326197e+00
2.254442278648269848e-01
3.001453705593879029e+00
4.905650909933170212e+00
